shape_id,shape_pt_lat,shape_pt_lon,shape_pt_sequence
19914.0119914,53.0507001,8.7896481,0
19914.0119914,53.0529497,8.7861692,1
19914.0119914,53.0564241,8.7840563,2
19914.0119914,53.0613021,8.7856379,3
19914.0119914,53.0638933,8.7897167,4
19914.0119914,53.0662897,8.7935685,5
19914.0119914,53.0699727,8.7995192,6
19914.0119914,53.0723223,8.8038406,7
19914.0119914,53.0746639,8.8085323,8
19914.0119914,53.0770637,8.8099555,9
19914.0119914,53.0798944,8.8104208,10
19914.0119914,53.0815366,8.8139555,11
19914.0119914,53.0836715,8.8180633,12
19914.0119914,53.084571,8.8259259,13
19914.0119914,53.0858332,8.83118,14
19914.0119914,53.0873066,8.8369841,15
19914.0119914,53.0891366,8.8430192,16
19914.0119914,53.0915504,8.8458702,17
19914.0119914,53.0951069,8.8506981,18
19914.0119914,53.0969225,8.8542925,19
19914.0119914,53.1026387,8.8593052,20
19914.0119914,53.1039256,8.8551294,21
19914.0119914,53.1052125,8.8510296,22
19914.0119914,53.1079026,8.8525619,23
19914.0119914,53.1110282,8.8553194,24
19936.0119936,53.0487235,8.7423629,0
19936.0119936,53.0587135,8.7598151,1
19936.0119936,53.0607045,8.767872,2
19936.0119936,53.061757,8.773622,3
19936.0119936,53.0650738,8.7793791,4
19936.0119936,53.0672763,8.7830583,5
19936.0119936,53.069659,8.7871395,6
19936.0119936,53.0723058,8.7910119,7
19936.0119936,53.0739803,8.7953226,8
19936.0119936,53.0729185,8.7993982,9
19936.0119936,53.0881568,8.8327005,10
19936.0119936,53.0918793,8.8355005,11
19936.0119936,53.0949403,8.8376697,12
19936.0119936,53.0979002,8.8401318,13
19939.0119939,53.0273316,8.8375386,0
19939.0119939,53.0290411,8.8380148,1
19939.0119939,53.0325069,8.8381091,2
19939.0119939,53.0358664,8.8273203,3
19939.0119939,53.037457,8.8224998,4
19939.0119939,53.0423834,8.8246019,5
19939.0119939,53.0487967,8.8204649,6
19939.0119939,53.0519255,8.8190555,7
19939.0119939,53.056121,8.8150758,8
19939.0119939,53.0587931,8.8128563,9
19939.0119939,53.0627292,8.8099589,10
19939.0119939,53.0652503,8.8061779,11
19939.0119939,53.0677658,8.8019947,12
19939.0119939,53.0699361,8.7996577,13
19939.0119939,53.0813776,8.8137471,14
19939.0119939,53.0804719,8.8191314,15
19939.0119939,53.0784223,8.8236287,16
19939.0119939,53.0801139,8.828437,17
19939.0119939,53.081399,8.8323531,18
19939.0119939,53.0825726,8.8375664,19
19939.0119939,53.0833773,8.8424133,20
19939.0119939,53.0851666,8.8494607,21
19939.0119939,53.0889138,8.8571089,22
19939.0119939,53.090172,8.862558,23
19939.0119939,53.0913421,8.8702857,24
19939.0119939,53.0969558,8.8700911,25
19939.0119939,53.1013556,8.8749503,26
19939.0119939,53.1016451,8.8802921,27
19939.0119939,53.1057434,8.8845615,28
19939.0119939,53.1089233,8.8876905,29
19939.0119939,53.1129934,8.8916272,30
19939.0119939,53.115353,8.8939199,31
19939.0119939,53.1188359,8.8974387,32
19939.0119939,53.1238896,8.9000963,33
19939.0119939,53.127273,8.8988494,34
19939.0119939,53.1354161,8.8985923,35
19939.0119939,53.1378574,8.9011975,36
19939.0119939,53.1400678,8.9052736,37
19939.0119939,53.1432035,8.9088744,38
20061.0120061,53.1208614,8.7526525,0
20061.0120061,53.1155763,8.7525032,1
20061.0120061,53.1123784,8.7525475,2
20061.0120061,53.1104187,8.7576501,3
20061.0120061,53.1085222,8.7638363,4
20061.0120061,53.1042018,8.769071,5
20061.0120061,53.1015693,8.7739274,6
20061.0120061,53.0980669,8.7762537,7
20061.0120061,53.094116,8.7790575,8
20061.0120061,53.0910646,8.7819088,9
20061.0120061,53.088968,8.784796,10
20061.0120061,53.0866183,8.7821095,11
20061.0120061,53.0849598,8.7798507,12
20061.0120061,53.0829288,8.7879807,13
20061.0120061,53.08079,8.7971108,14
20061.0120061,53.0786803,8.8018653,15
20061.0120061,53.0765942,8.8063656,16
20061.0120061,53.0743902,8.8098215,17
20061.0120061,53.0723687,8.8170749,18
20061.0120061,53.0726718,8.8203676,19
20061.0120061,53.0730101,8.8250183,20
20061.0120061,53.0721624,8.8288526,21
20061.0120061,53.0706825,8.8332242,22
20061.0120061,53.0699671,8.8371216,23
20061.0120061,53.0688309,8.8437283,24
20061.0120061,53.0678136,8.8497004,25
20061.0120061,53.0668102,8.8558829,26
20061.0120061,53.0662127,8.8603975,27
20061.0120061,53.063782,8.8677889,28
20069.0120069,53.0403426,8.7304116,0
20069.0120069,53.0449951,8.7363333,1
20069.0120069,53.0466664,8.7378286,2
20069.0120069,53.0484792,8.7418043,3
20069.0120069,53.0521433,8.7408152,4
20069.0120069,53.0551928,8.7392703,5
20069.0120069,53.0582629,8.7349037,6
20069.0120069,53.057806,8.7293442,7
20069.0120069,53.0569414,8.7235368,8
20069.0120069,53.0565662,8.7174278,9
20069.0120069,53.0441296,8.7228645,10
20069.0120069,53.0460986,8.7181737,11
20069.0120069,53.0391684,8.7279711,12
20075.0120075,53.0437195,8.7233816,0
20075.0120075,53.0455946,8.7190363,1
20075.0120075,53.0557804,8.7161822,2
20075.0120075,53.0568822,8.7225596,3
20075.0120075,53.057549,8.7277528,4
20075.0120075,53.0580602,8.7355241,5
20075.0120075,53.0548882,8.7398037,6
20075.0120075,53.0515283,8.7405047,7
20075.0120075,53.0473105,8.7385208,8
20075.0120075,53.0446379,8.7360063,9
20075.0120075,53.04086,8.730993,10
20075.0120075,53.039168,8.7291664,11
31635.0131635,53.0361925,8.8278924,0
31635.0131635,53.038679,8.8322654,1
31635.0131635,53.0391691,8.8347889,2
31635.0131635,53.0347585,8.8851695,3
31635.0131635,53.0402296,8.8839787,4
31635.0131635,53.0480338,8.8837263,5
31635.0131635,53.0511107,8.8831507,6
31635.0131635,53.0564909,8.8780487,7
31635.0131635,53.0568113,8.8813312,8
31635.0131635,53.0563459,8.8849895,9
31635.0131635,53.0559095,8.8886418,10
31635.0131635,53.054891,8.8925634,11
31635.0131635,53.0591684,8.9002534,12
31635.0131635,53.0595168,8.909731,13
31635.0131635,53.0600306,8.9143567,14
31635.0131635,53.0629902,8.9143176,15
31635.0131635,53.071273,8.9150777,16
31635.0131635,53.0714486,8.9063944,17
31635.0131635,53.071608,8.9025098,18
31635.0131635,53.0765853,8.9015441,19
31635.0131635,53.0793789,8.8971019,20
31635.0131635,53.0794658,8.8937049,21
31635.0131635,53.0861986,8.891678,22
31635.0131635,53.086158,8.8963576,23
32688.0132688,53.1102803,8.8545364,0
32688.0132688,53.1074996,8.8522031,1
32688.0132688,53.1053092,8.8497849,2
32688.0132688,53.1062509,8.8457747,3
32688.0132688,53.1095573,8.8479371,4
32688.0132688,53.111695,8.8496734,5
32688.0132688,53.1139315,8.8437471,6
32688.0132688,53.1149388,8.8376318,7
32688.0132688,53.1150755,8.8325572,8
32688.0132688,53.111961,8.8197146,9
32688.0132688,53.1076737,8.8176183,10
32688.0132688,53.1042015,8.8165685,11
32688.0132688,53.1015921,8.8147602,12
32688.0132688,53.0979024,8.8123381,13
32688.0132688,53.0951282,8.8091063,14
32688.0132688,53.0945697,8.8024753,15
32688.0132688,53.0946695,8.7974541,16
32688.0132688,53.0913438,8.7906772,17
32688.0132688,53.0906702,8.7866569,18
32688.0132688,53.0925324,8.784559,19
32688.0132688,53.0955643,8.7821716,20
32688.0132688,53.0984253,8.7799011,21
32688.0132688,53.0989128,8.7766861,22
32688.0132688,53.1015524,8.7732724,23
57771.0157771,53.5942028,8.6221492,0
57771.0157771,53.5925011,8.623212,1
57771.0157771,53.5902785,8.6206461,2
57771.0157771,53.589059,8.617074,3
57771.0157771,53.5878752,8.6135341,4
57771.0157771,53.5898748,8.6097159,5
57771.0157771,53.5912874,8.6010424,6
57771.0157771,53.5884423,8.5965157,7
57771.0157771,53.5862217,8.590569,8
57771.0157771,53.5822683,8.5910072,9
57771.0157771,53.5790018,8.5918786,10
57771.0157771,53.5758391,8.592033,11
57771.0157771,53.571488,8.59473,12
57771.0157771,53.5687047,8.5923647,13
57771.0157771,53.5663405,8.5901733,14
57771.0157771,53.5658699,8.5869062,15
57771.0157771,53.5618436,8.5861544,16
57771.0157771,53.5572202,8.5849835,17
57771.0157771,53.5545981,8.5831932,18
57771.0157771,53.5518512,8.5812849,19
57771.0157771,53.5488097,8.5785433,20
57771.0157771,53.5471778,8.5756349,21
57771.0157771,53.5460124,8.5767572,22
57771.0157771,53.5442203,8.5755793,23
57771.0157771,53.5434882,8.5788929,24
57771.0157771,53.540935,8.5832454,25
57771.0157771,53.5343745,8.5979476,26
57771.0157771,53.5328771,8.5952535,27
57771.0157771,53.5296709,8.5954569,28
57771.0157771,53.5272957,8.5966278,29
57771.0157771,53.5233419,8.5986412,30
57771.0157771,53.52282,8.6057106,31
57771.0157771,53.5199928,8.6052587,32
57771.0157771,53.5176863,8.604234,33
57771.0157771,53.5163071,8.6047357,34
57776.0157776,53.5862261,8.6029458,0
57776.0157776,53.5837433,8.5979387,1
57776.0157776,53.5792752,8.5977678,2
57776.0157776,53.5766463,8.5974414,3
57776.0157776,53.5719198,8.5965941,4
57776.0157776,53.5662874,8.5955428,5
57776.0157776,53.5631847,8.5941196,6
57776.0157776,53.557837,8.5928475,7
57776.0157776,53.5535078,8.5932033,8
57776.0157776,53.5470818,8.5937851,9
57776.0157776,53.5436212,8.5913319,10
57776.0157776,53.5396041,8.5902338,11
57776.0157776,53.5347385,8.5896097,12
57776.0157776,53.5353649,8.5934013,13
57776.0157776,53.5350089,8.5977698,14
57776.0157776,53.5322349,8.5983173,15
57776.0157776,53.5286712,8.60025,16
57776.0157776,53.5243404,8.6015048,17
57776.0157776,53.5231612,8.6061776,18
57776.0157776,53.5222784,8.611568,19
57776.0157776,53.5204275,8.6154125,20
57776.0157776,53.5184124,8.6234291,21
57776.0157776,53.5168779,8.632436,22
57776.0157776,53.519609,8.6316054,23
57776.0157776,53.5212443,8.635634,24
57776.0157776,53.519314,8.6389795,25
57776.0157776,53.5203517,8.6410792,26
59625.0159625,53.0396734,8.9440126,0
59625.0159625,53.0383514,8.9394206,1
59625.0159625,53.0389152,8.9329022,2
59625.0159625,53.0419105,8.9315575,3
59625.0159625,53.0443813,8.9217643,4
59625.0159625,53.0445456,8.9145085,5
59625.0159625,53.0420275,8.9123753,6
59625.0159625,53.0397412,8.9090114,7
59625.0159625,53.040287,8.9060319,8
59625.0159625,53.044487,8.8971718,9
59625.0159625,53.0470279,8.8933747,10
59625.0159625,53.0497366,8.8925494,11
59625.0159625,53.0512024,8.8955739,12
59625.0159625,53.0525718,8.8997034,13
59625.0159625,53.0547115,8.8945733,14
59625.0159625,53.0597666,8.900272,15
59652.0159652,53.0406833,8.8279828,0
59652.0159652,53.0439492,8.824281,1
59652.0159652,53.0474964,8.8187619,2
59652.0159652,53.0560006,8.7959599,3
59652.0159652,53.0540224,8.7905569,4
59652.0159652,53.0541646,8.785172,5
59652.0159652,53.0563349,8.7842707,6
59652.0159652,53.0610517,8.7848426,7
59652.0159652,53.0590511,8.7782273,8
59652.0159652,53.0617588,8.7740853,9
59652.0159652,53.0622955,8.7720889,10
59652.0159652,53.060144,8.7620251,11
59652.0159652,53.0583187,8.7574419,12
61332.0161332,53.0595352,8.899674,0
61332.0161332,53.0595998,8.9138638,1
61332.0161332,53.0593429,8.9245317,2
61332.0161332,53.0590302,8.9301116,3
61332.0161332,53.0595287,8.9413822,4
61332.0161332,53.0628889,8.9435583,5
61332.0161332,53.0654205,8.9443523,6
61332.0161332,53.0652388,8.9496464,7
61332.0161332,53.0623893,8.9508568,8
61332.0161332,53.0578183,8.9522781,9
61332.0161332,53.0571927,8.9545756,10
61332.0161332,53.0532303,8.953293,11
61332.0161332,53.0516338,8.9497278,12
61332.0161332,53.0481993,8.9498282,13
61332.0161332,53.0402951,8.9443356,14
61333.0161333,53.0971155,8.871068,0
61333.0161333,53.1013727,8.8749516,1
61333.0161333,53.1016613,8.8802761,2
61333.0161333,53.0996678,8.886055,3
61333.0161333,53.0984108,8.8934412,4
61333.0161333,53.1000575,8.9024138,5
61333.0161333,53.0963801,8.9100152,6
61333.0161333,53.0940256,8.9150042,7
61333.0161333,53.0920023,8.9202819,8
61333.0161333,53.0905774,8.9253449,9
61333.0161333,53.0854719,8.9324663,10
61333.0161333,53.0811168,8.9387387,11
61333.0161333,53.078178,8.9407172,12
61333.0161333,53.0739822,8.9364534,13
61333.0161333,53.0681868,8.9339109,14
61333.0161333,53.0648074,8.9326496,15
61333.0161333,53.0617445,8.9315237,16
61333.0161333,53.0590468,8.9298323,17
61333.0161333,53.0594815,8.9220294,18
61333.0161333,53.0598174,8.9148523,19
61333.0161333,53.059681,8.9087335,20
63040.0163040,53.0822174,8.8133014,0
63040.0163040,53.0723454,8.7910646,1
63040.0163040,53.0749383,8.7948792,2
63040.0163040,53.0784954,8.8002892,3
63040.0163040,53.0807634,8.8045435,4
63040.0163040,53.0737532,8.7930514,5
63040.0163040,53.0780689,8.7996152,6
63040.0163040,53.0803089,8.8036919,7
71215.0171215,53.104841,8.8511979,0
71215.0171215,53.1031702,8.8565713,1
71215.0171215,53.102377,8.8594119,2
71215.0171215,53.0992589,8.8626375,3
71215.0171215,53.096526,8.8703576,4
71215.0171215,53.0910704,8.8706097,5
71215.0171215,53.0873481,8.8709206,6
71215.0171215,53.0827255,8.8749703,7
71215.0171215,53.0799339,8.8776471,8
71215.0171215,53.0772739,8.8801135,9
71215.0171215,53.0710755,8.8863837,10
71215.0171215,53.0670879,8.8878756,11
71215.0171215,53.0622953,8.8873142,12
71215.0171215,53.0600922,8.8937657,13
71215.0171215,53.059171,8.8972909,14
71215.0171215,53.064918,8.9143254,15
71215.0171215,53.0712376,8.9171591,16
71215.0171215,53.0716155,8.9200322,17
78778.0178778,53.0335469,8.9554993,0
78778.0178778,53.0332824,8.9563091,1
78778.0178778,53.081807,8.8137015,2
107097.01107097,53.118417,8.8970162,0
107097.01107097,53.1099057,8.8857721,1
107097.01107097,53.1065559,8.8619213,2
107097.01107097,53.0835439,8.8175159,3
107097.01107097,53.0816955,8.8139435,4
110094.01110094,53.2275287,8.5111431,0
110094.01110094,53.2253237,8.5100348,1
110094.01110094,53.2231764,8.5089559,2
110094.01110094,53.2178942,8.5097696,3
110094.01110094,53.2132146,8.5112329,4
110094.01110094,53.2108216,8.5126636,5
110094.01110094,53.207745,8.5142456,6
110094.01110094,53.2057307,8.517201,7
110094.01110094,53.2030788,8.5240468,8
110094.01110094,53.1994876,8.5266414,9
110094.01110094,53.1962572,8.5312387,10
110094.01110094,53.1926575,8.5345694,11
110094.01110094,53.1912798,8.538999,12
110094.01110094,53.1898039,8.5437273,13
110094.01110094,53.1882902,8.5481968,14
110094.01110094,53.1850591,8.5562141,15
110094.01110094,53.1831407,8.5626482,16
110094.01110094,53.181612,8.5679233,17
110094.01110094,53.1814497,8.5733594,18
110094.01110094,53.1818491,8.579662,19
110094.01110094,53.1846315,8.5941621,20
110094.01110094,53.1848246,8.5981325,21
110094.01110094,53.1845831,8.6052617,22
110094.01110094,53.1842752,8.6137564,23
110094.01110094,53.1836679,8.6194136,24
110094.01110094,53.1777784,8.6187892,25
110094.01110094,53.1744423,8.6183154,26
110094.01110094,53.1715883,8.6217326,27
110094.01110094,53.1693108,8.6282645,28
110094.01110094,53.1710113,8.6356517,29
110094.01110094,53.1731883,8.6394142,30
110094.01110094,53.1739247,8.6505384,31
110094.01110094,53.1751945,8.661683,32
110094.01110094,53.1745821,8.6702562,33
110094.01110094,53.1733832,8.6766639,34
110094.01110094,53.1724318,8.6799259,35
110094.01110094,53.1710788,8.6856013,36
110094.01110094,53.1730713,8.6871524,37
110094.01110094,53.1738682,8.6982649,38
110094.01110094,53.175088,8.7061729,39
110094.01110094,53.1705195,8.7026666,40
110094.01110094,53.1671938,8.7020766,41
110094.01110094,53.1602562,8.7045129,42
110094.01110094,53.1550585,8.7046159,43
110094.01110094,53.1513481,8.7093062,44
110094.01110094,53.146997,8.7115841,45
110094.01110094,53.1430324,8.7147226,46
110094.01110094,53.1378922,8.7236253,47
110094.01110094,53.1351442,8.7315875,48
110094.01110094,53.1332437,8.7378232,49
110094.01110094,53.129939,8.7429647,50
110094.01110094,53.1261756,8.7472988,51
110094.01110094,53.1244934,8.7492198,52
110094.01110094,53.1207552,8.7525277,53
110217.01110217,53.1695679,8.6274031,0
110217.01110217,53.1717105,8.6213961,1
110217.01110217,53.1747178,8.6177169,2
110217.01110217,53.1784547,8.6188619,3
110217.01110217,53.1834302,8.6193937,4
110217.01110217,53.1866723,8.6190654,5
110217.01110217,53.1910877,8.618366,6
110217.01110217,53.1928813,8.6169186,7
110217.01110217,53.1949333,8.6146293,8
110217.01110217,53.2130734,8.5852112,9
110217.01110217,53.2164182,8.5857912,10
140135.01140135,53.5328666,8.5951843,0
140135.01140135,53.5320197,8.5898914,1
140135.01140135,53.5258123,8.5899652,2
140135.01140135,53.5220939,8.5898986,3
140135.01140135,53.5211033,8.5847685,4
140135.01140135,53.5214682,8.5801973,5
140135.01140135,53.5201861,8.5798343,6
140135.01140135,53.5173371,8.5829554,7
140135.01140135,53.5146487,8.5858856,8
140135.01140135,53.5129145,8.5872488,9
140135.01140135,53.509947,8.588259,10
140135.01140135,53.5081901,8.5888266,11
140135.01140135,53.5037161,8.5902541,12
140135.01140135,53.50128,8.5910366,13
140135.01140135,53.4975053,8.5922181,14
140135.01140135,53.4952444,8.5932115,15
140137.01140137,53.6167298,8.6282007,0
140137.01140137,53.5927672,8.5978705,1
140137.01140137,53.5882923,8.5974643,2
140137.01140137,53.56698,8.594901,3
140137.01140137,53.5682355,8.5924428,4
140137.01140137,53.5607142,8.580014,5
140137.01140137,53.5605052,8.5738276,6
140137.01140137,53.5604005,8.5676734,7
140137.01140137,53.5559122,8.5683869,8
140137.01140137,53.5520515,8.5719881,9
140137.01140137,53.5494501,8.5734096,10
140137.01140137,53.5389841,8.5870702,11
140137.01140137,53.5373515,8.5864193,12
140137.01140137,53.5198213,8.5895791,13
140137.01140137,53.5164984,8.5922017,14
140137.01140137,53.5132103,8.5941271,15
140137.01140137,53.5048149,8.5990668,16
140137.01140137,53.5011971,8.6003511,17
140137.01140137,53.4985511,8.6008377,18
140137.01140137,53.4965821,8.6012229,19
140137.01140137,53.4948108,8.5991857,20
140137.01140137,53.4915224,8.5952539,21
140137.01140137,53.4893911,8.595559,22
140137.01140137,53.4872371,8.5989227,23
140137.01140137,53.4895578,8.6041779,24
140137.01140137,53.4919598,8.5988049,25
140137.01140137,53.5098041,8.5961195,26
140283.01140283,53.5051846,8.5998322,0
140283.01140283,53.5038821,8.6047987,1
140283.01140283,53.5032136,8.6086952,2
140283.01140283,53.5038421,8.6117991,3
140283.01140283,53.505655,8.6110904,4
140335.01140335,53.5790179,8.6292788,0
140335.01140335,53.571835,8.6263463,1
140335.01140335,53.5707017,8.6118586,2
140335.01140335,53.5706928,8.6080266,3
140335.01140335,53.5703786,8.6033648,4
140335.01140335,53.5666132,8.5989236,5
140335.01140335,53.5311999,8.6022941,6
140335.01140335,53.5290607,8.6147141,7
140335.01140335,53.528705,8.6202485,8
140335.01140335,53.5297136,8.6271426,9
140335.01140335,53.5306804,8.6317154,10
140335.01140335,53.5327498,8.6328882,11
140335.01140335,53.5376458,8.6390796,12
140335.01140335,53.5309031,8.6400361,13
140335.01140335,53.531011,8.6456952,14
140335.01140335,53.5315014,8.6543941,15
140336.01140336,53.5840034,8.6040418,0
140336.01140336,53.5808799,8.6045367,1
140336.01140336,53.5776333,8.6043899,2
140336.01140336,53.5737492,8.6036034,3
140336.01140336,53.5706927,8.6018909,4
140336.01140336,53.5308404,8.6368311,5
140352.01140352,53.6060153,8.5349148,0
140352.01140352,53.6033973,8.5346565,1
140352.01140352,53.6005207,8.5352831,2
140352.01140352,53.5954038,8.544987,3
140352.01140352,53.592139,8.5481094,4
140352.01140352,53.5896826,8.5589228,5
140352.01140352,53.588792,8.5628265,6
140352.01140352,53.5867963,8.5738931,7
140352.01140352,53.586169,8.5792127,8
140352.01140352,53.5842461,8.5850082,9
140352.01140352,53.5823587,8.5900582,10
140352.01140352,53.5793202,8.5914116,11
140352.01140352,53.5783184,8.5886333,12
140352.01140352,53.5763607,8.58847,13
140352.01140352,53.5755933,8.5914104,14
140352.01140352,53.5717719,8.596446,15
146361.01146361,53.0820848,8.8130985,0
146361.01146361,53.1212627,8.7529198,1
146361.01146361,53.1431404,8.7144962,2
146361.01146361,53.1609236,8.7042392,3
146361.01146361,53.1712249,8.7029512,4
153891.01153891,53.0487952,8.7430904,0
153891.01153891,53.0722963,8.7910298,1
153891.01153891,53.0749293,8.794895,2
153891.01153891,53.0784851,8.8003056,3
153891.01153891,53.080753,8.804569,4
153891.01153891,53.0814551,8.8138486,5
153891.01153891,53.0818259,8.855095,6
153891.01153891,53.0790359,8.8606665,7
153891.01153891,53.0747849,8.8689116,8
153891.01153891,53.0789564,8.8782469,9
153891.01153891,53.0790688,8.8858772,10
153891.01153891,53.0793705,8.893557,11
153891.01153891,53.0793075,8.8965901,12
153891.01153891,53.0785887,8.9031445,13
153891.01153891,53.0784232,8.9109935,14
153891.01153891,53.0779292,8.9208936,15
153891.01153891,53.0749393,8.9258581,16
153891.01153891,53.0734308,8.9310787,17
153891.01153891,53.0740712,8.9361457,18
153891.01153891,53.0735374,8.94602,19
153891.01153891,53.0711158,8.9489359,20
153891.01153891,53.0649876,8.9504627,21
153891.01153891,53.0664174,8.9558757,22
153891.01153891,53.0666011,8.9622401,23
153891.01153891,53.0611662,8.9638458,24
153891.01153891,53.057741,8.9632781,25
153891.01153891,53.0527215,8.961868,26
153891.01153891,53.048865,8.9605242,27
153891.01153891,53.0461722,8.9572368,28
153891.01153891,53.0437957,8.9505797,29
153891.01153891,53.0402924,8.9444623,30
153892.01153892,53.0439284,8.9511465,0
153892.01153892,53.0464147,8.9579196,1
153892.01153892,53.0491856,8.9607062,2
153892.01153892,53.0538198,8.9623499,3
153892.01153892,53.0580565,8.9630183,4
153892.01153892,53.0610678,8.9638295,5
153892.01153892,53.0668007,8.9617335,6
153892.01153892,53.0664571,8.9554918,7
153892.01153892,53.0652217,8.9500432,8
153892.01153892,53.0715063,8.9486589,9
153892.01153892,53.0734904,8.9461961,10
153892.01153892,53.0739814,8.9352257,11
153892.01153892,53.0733458,8.9299982,12
153892.01153892,53.0749228,8.9259467,13
153892.01153892,53.0779429,8.9210315,14
153892.01153892,53.0784587,8.9104287,15
153892.01153892,53.0787203,8.9025734,16
153892.01153892,53.0793327,8.8967214,17
153892.01153892,53.079395,8.8927409,18
153892.01153892,53.0790695,8.8852424,19
153892.01153892,53.0789478,8.8776086,20
153892.01153892,53.0748738,8.869632,21
153892.01153892,53.0790134,8.8607842,22
153892.01153892,53.0821894,8.8544852,23
153892.01153892,53.0851601,8.8484186,24
153892.01153892,53.0832272,8.8418742,25
153892.01153892,53.0825214,8.8369807,26
153892.01153892,53.0812708,8.8317999,27
153892.01153892,53.0797472,8.8273638,28
153892.01153892,53.0786276,8.8230645,29
153892.01153892,53.0807081,8.8181141,30
153892.01153892,53.0820409,8.8127063,31
153892.01153892,53.0803272,8.8036795,32
153892.01153892,53.0780774,8.7996006,33
153892.01153892,53.0737616,8.7930355,34
153892.01153892,53.0723525,8.7910438,35
153892.01153892,53.0695539,8.7868857,36
153892.01153892,53.0664383,8.7815159,37
153892.01153892,53.0648471,8.7789489,38
153892.01153892,53.0616192,8.7730668,39
153892.01153892,53.060542,8.7665343,40
153892.01153892,53.0583617,8.7588442,41
153892.01153892,53.048676,8.742376,42
198459.01198459,53.5942036,8.6215317,0
198459.01198459,53.5966996,8.6261868,1
198459.01198459,53.5978852,8.6282792,2
198459.01198459,53.6006965,8.6320811,3
198459.01198459,53.6011908,8.6273816,4
198459.01198459,53.6016726,8.6227474,5
198459.01198459,53.5976732,8.6137079,6
198459.01198459,53.5963156,8.6111778,7
198459.01198459,53.597601,8.6079995,8
198459.01198459,53.595207,8.6041532,9
198459.01198459,53.5397746,8.5802554,10
198459.01198459,53.5379129,8.5845869,11
198459.01198459,53.5315556,8.5895726,12
198459.01198459,53.4920315,8.6003687,13
198459.01198459,53.5934791,8.5984355,14
198459.01198459,53.5934495,8.5984862,15
270924.01270924,53.5922671,8.5477899,0
270924.01270924,53.5960629,8.5444797,1
270924.01270924,53.5960579,8.5394567,2
270924.01270924,53.5877924,8.5425252,3
270924.01270924,53.5809575,8.5480631,4
270924.01270924,53.5784963,8.5587181,5
270924.01270924,53.5732993,8.560283,6
270924.01270924,53.5689828,8.5603033,7
270924.01270924,53.567627,8.5663716,8
270924.01270924,53.5614125,8.5655188,9
415535.01415535,53.0960089,8.7461861,0
415535.01415535,53.0944835,8.7480465,1
415535.01415535,53.092415,8.7506062,2
415535.01415535,53.0891536,8.7532339,3
415535.01415535,53.0872366,8.7621408,4
415535.01415535,53.0843034,8.7664234,5
415535.01415535,53.083059,8.7688668,6
415535.01415535,53.0815586,8.7724923,7
415535.01415535,53.0795309,8.7763892,8
415535.01415535,53.0781476,8.7807961,9
415535.01415535,53.0760253,8.7835494,10
415535.01415535,53.0734262,8.7897279,11
415535.01415535,53.0740026,8.7953395,12
415535.01415535,53.07293,8.7994075,13
415535.01415535,53.0723325,8.8038247,14
415535.01415535,53.0746602,8.8086459,15
415535.01415535,53.0770543,8.8099406,16
415535.01415535,53.0799058,8.8103932,17
415535.01415535,53.0815495,8.8139724,18
415535.01415535,53.0836855,8.8180603,19
415535.01415535,53.0839274,8.8256291,20
415535.01415535,53.0823512,8.8375686,21
415535.01415535,53.0809824,8.8438268,22
415535.01415535,53.0824345,8.8552341,23
415535.01415535,53.0824177,8.86014,24
415535.01415535,53.0820559,8.8676378,25
415535.01415535,53.083088,8.8750287,26
415535.01415535,53.0856884,8.8735351,27
415535.01415535,53.0857963,8.8797436,28
415535.01415535,53.0860639,8.8868895,29
532076.01532076,53.0595049,8.9003708,0
532076.01532076,53.0592564,8.896523,1
532076.01532076,53.0603756,8.8929857,2
532076.01532076,53.0624323,8.8870847,3
532076.01532076,53.0655163,8.8779417,4
532076.01532076,53.0671056,8.8712143,5
532076.01532076,53.06803,8.8615791,6
532076.01532076,53.0704415,8.8565375,7
532076.01532076,53.0711385,8.8508182,8
532076.01532076,53.0722963,8.8430528,9
532076.01532076,53.0709044,8.8328053,10
532076.01532076,53.072371,8.8283696,11
532076.01532076,53.073057,8.8243432,12
532076.01532076,53.0726372,8.8198127,13
532076.01532076,53.0724263,8.816531,14
532076.01532076,53.0745578,8.8095593,15
532076.01532076,53.076827,8.806013,16
532076.01532076,53.0788174,8.8013534,17
532076.01532076,53.0812345,8.7964569,18
532076.01532076,53.0840349,8.7959984,19
532076.01532076,53.0860234,8.7908044,20
532076.01532076,53.0893446,8.7927146,21
532076.01532076,53.0920973,8.7905747,22
532076.01532076,53.0937555,8.788767,23
532076.01532076,53.0956885,8.7908739,24
532076.01532076,53.0980686,8.7887688,25
532076.01532076,53.1028231,8.7846807,26
532076.01532076,53.1060027,8.7791237,27
532076.01532076,53.1082723,8.7739599,28
532076.01532076,53.1103543,8.7700282,29
532076.01532076,53.1129038,8.7651033,30
532076.01532076,53.1165187,8.7584063,31
532076.01532076,53.1205166,8.7516503,32
532123.01532123,53.1209176,8.7526619,0
532123.01532123,53.115633,8.7596621,1
532123.01532123,53.1126533,8.7655207,2
532123.01532123,53.1105813,8.7695439,3
532123.01532123,53.1082845,8.7738666,4
532123.01532123,53.1062024,8.7784958,5
532123.01532123,53.101786,8.7855401,6
532123.01532123,53.0976985,8.7890399,7
532123.01532123,53.095419,8.7910534,8
532123.01532123,53.0934234,8.789058,9
532123.01532123,53.0910503,8.7915004,10
532123.01532123,53.0881995,8.7923391,11
532123.01532123,53.085791,8.7913403,12
532123.01532123,53.0836773,8.7967125,13
532123.01532123,53.0709635,8.8334203,14
532123.01532123,53.0724291,8.8423023,15
532123.01532123,53.0712054,8.8503057,16
532123.01532123,53.0705374,8.8557905,17
532123.01532123,53.0672159,8.863547,18
532123.01532123,53.067136,8.8717334,19
532123.01532123,53.0653504,8.8783162,20
532123.01532123,53.0625339,8.8866854,21
532123.01532123,53.0600784,8.8937542,22
532123.01532123,53.0591547,8.8972911,23
532123.01532123,53.0598562,8.8995325,24
536338.01536338,53.075067,8.8225838,0
536338.01536338,53.0785718,8.823006,1
536338.01536338,53.0829295,8.8067011,2
536338.01536338,53.0849654,8.8022771,3
536338.01536338,53.0847551,8.7993922,4
536350.01536350,53.0881007,8.7941747,0
536350.01536350,53.0844664,8.7996603,1
536350.01536350,53.084731,8.8027469,2
536350.01536350,53.0825984,8.8071266,3
536350.01536350,53.0783634,8.8234285,4
536350.01536350,53.075388,8.8226327,5
571200.01571200,53.0361927,8.8275569,0
571200.01571200,53.0460325,8.8451823,1
571200.01571200,53.0508585,8.8488035,2
571200.01571200,53.0545758,8.8513252,3
571200.01571200,53.0672311,8.8531917,4
571200.01571200,53.0683189,8.8490801,5
571200.01571200,53.0710065,8.850506,6
571200.01571200,53.0742286,8.8533035,7
571200.01571200,53.0781482,8.8552265,8
571200.01571200,53.0821821,8.8544556,9
571200.01571200,53.0855799,8.8499171,10
571200.01571200,53.0889486,8.8419203,11
571200.01571200,53.0918859,8.8354772,12
571200.01571200,53.094945,8.8376486,13
571200.01571200,53.0982713,8.8394643,14
571200.01571200,53.0995535,8.8371354,15
571200.01571200,53.1039465,8.8402016,16
571200.01571200,53.1060659,8.8460738,17
571200.01571200,53.105576,8.8507809,18
571200.01571200,53.1079083,8.8525418,19
571200.01571200,53.110148,8.8547097,20
571200.01571200,53.1082125,8.8614159,21
571200.01571200,53.1067229,8.8640142,22
571201.01571201,53.106543,8.863785,0
571201.01571201,53.1087255,8.8608982,1
571201.01571201,53.1056499,8.841577,2
571201.01571201,53.0991677,8.8373336,3
571201.01571201,53.0950161,8.8376882,4
571201.01571201,53.0916141,8.8352811,5
571201.01571201,53.0889265,8.841985,6
571201.01571201,53.0858598,8.8496717,7
571201.01571201,53.0818362,8.8551124,8
571201.01571201,53.0789322,8.8549685,9
571201.01571201,53.074392,8.8535166,10
571201.01571201,53.0716355,8.8508268,11
571201.01571201,53.067832,8.8497075,12
571201.01571201,53.0672615,8.8530059,13
571201.01571201,53.0543694,8.8511926,14
571201.01571201,53.0499726,8.8473834,15
571201.01571201,53.0455146,8.8446133,16
571201.01571201,53.0390004,8.8351102,17
571201.01571201,53.0388748,8.8324062,18
963050.01963050,53.0984775,8.8399385,0
963050.01963050,53.0950247,8.8376626,1
963050.01963050,53.0916231,8.8352506,2
963050.01963050,53.0882282,8.8326979,3
963050.01963050,53.0857217,8.8305883,4
963050.01963050,53.0844645,8.8253426,5
963050.01963050,53.0835603,8.817513,6
963050.01963050,53.0821225,8.8128104,7
963050.01963050,53.0792889,8.809635,8
963050.01963050,53.0770687,8.8097593,9
963050.01963050,53.0742949,8.807809,10
963050.01963050,53.0719478,8.8030112,11
963050.01963050,53.0727338,8.7999131,12
963100.01963100,53.1107029,8.8549937,0
963100.01963100,53.1075033,8.8521764,1
963100.01963100,53.1050268,8.851545,2
963100.01963100,53.1037232,8.8556709,3
963100.01963100,53.1022493,8.8592545,4
963100.01963100,53.0964524,8.8530971,5
963100.01963100,53.0948578,8.8502377,6
963100.01963100,53.091221,8.8455615,7
963100.01963100,53.0888922,8.8425844,8
963100.01963100,53.0871985,8.8364286,9
963100.01963100,53.0697033,8.7991824,10
963100.01963100,53.0665153,8.7938586,11
963100.01963100,53.0636438,8.7892538,12
963100.01963100,53.0610676,8.7852592,13
963100.01963100,53.056445,8.7840224,14
963100.01963100,53.052717,8.7865755,15
963100.01963100,53.050399,8.7899433,16
964982.01964982,53.1432362,8.9088207,0
964982.01964982,53.1401012,8.9051981,1
964982.01964982,53.1378769,8.9011563,2
964982.01964982,53.1354188,8.8985401,3
964982.01964982,53.1267724,8.898872,4
964982.01964982,53.1235742,8.9000555,5
964982.01964982,53.1154986,8.8940111,6
964982.01964982,53.1131043,8.8916765,7
964982.01964982,53.108628,8.8873173,8
964982.01964982,53.1049107,8.8837186,9
964982.01964982,53.101482,8.8796043,10
964982.01964982,53.1013775,8.8741625,11
964982.01964982,53.0965197,8.8703289,12
964982.01964982,53.0913668,8.8697126,13
964982.01964982,53.0903227,8.8632389,14
964982.01964982,53.0886836,8.8555109,15
964982.01964982,53.0819561,8.8125982,16
964982.01964982,53.0696491,8.7993911,17
964982.01964982,53.0675156,8.8023354,18
964982.01964982,53.0647461,8.806938,19
964982.01964982,53.0619561,8.8105042,20
964982.01964982,53.0585983,8.8129524,21
964982.01964982,53.0557948,8.8153173,22
964982.01964982,53.0516765,8.8197883,23
964982.01964982,53.0485969,8.8209333,24
964982.01964982,53.0416178,8.8239848,25
964982.01964982,53.0375198,8.8223828,26
964982.01964982,53.0359134,8.826975,27
964982.01964982,53.032168,8.838517,28
964982.01964982,53.0291488,8.8380345,29
964982.01964982,53.0276735,8.8375432,30
966311.01966311,53.0633186,8.8680108,0
966311.01966311,53.0661262,8.8608674,1
966311.01966311,53.0672465,8.8532062,2
966311.01966311,53.0681427,8.8480338,3
966311.01966311,53.0688203,8.8439629,4
966311.01966311,53.0699236,8.8375731,5
966311.01966311,53.0708404,8.8327849,6
966311.01966311,53.0831746,8.7862073,7
966311.01966311,53.0852433,8.7802946,8
966311.01966311,53.0868778,8.7825217,9
966311.01966311,53.0892462,8.7844252,10
966311.01966311,53.0913885,8.7816541,11
966311.01966311,53.0951985,8.7781017,12
966311.01966311,53.0984387,8.7761544,13
966311.01966311,53.1018748,8.7735483,14
966311.01966311,53.1041763,8.7691836,15
966311.01966311,53.1088294,8.7635388,16
966311.01966311,53.1106555,8.7558156,17
966311.01966311,53.1127346,8.7524043,18
966311.01966311,53.1159317,8.7526781,19
967123.01967123,53.1115603,8.7979349,0
967123.01967123,53.1114196,8.7997474,1
967123.01967123,53.1095755,8.8016239,2
967123.01967123,53.1077034,8.7967795,3
967123.01967123,53.1061777,8.7957519,4
967123.01967123,53.1032117,8.793468,5
967123.01967123,53.1033368,8.7873001,6
967123.01967123,53.1021196,8.7846624,7
967123.01967123,53.1003633,8.7796616,8
967123.01967123,53.0960858,8.7729834,9
967123.01967123,53.0976747,8.7696564,10
967123.01967123,53.1007144,8.7638619,11
967123.01967123,53.0983719,8.7599993,12
967123.01967123,53.0946456,8.76714,13
967123.01967123,53.0897753,8.7773605,14
967123.01967123,53.0871972,8.7822517,15
967123.01967123,53.0853863,8.7802829,16
967123.01967123,53.0828862,8.7875871,17
967123.01967123,53.0822706,8.7974195,18
967123.01967123,53.0814654,8.8138622,19
967123.01967123,53.0845632,8.8167568,20
967123.01967123,53.1002698,8.7575131,21
967123.01967123,53.1023211,8.7543954,22
967133.01967133,53.0843859,8.816681,0
967133.01967133,53.0820252,8.8126862,1
967133.01967133,53.0827264,8.7947213,2
967133.01967133,53.083172,8.786675,3
967133.01967133,53.0851466,8.7803136,4
967133.01967133,53.0874461,8.7820353,5
967133.01967133,53.0899058,8.7770891,6
967133.01967133,53.0935778,8.7694216,7
967133.01967133,53.0975308,8.7613033,8
967133.01967133,53.1007482,8.7637045,9
967133.01967133,53.0966512,8.7731626,10
967133.01967133,53.1001796,8.7737322,11
967133.01967133,53.098976,8.7768118,12
967133.01967133,53.1007113,8.7806679,13
967133.01967133,53.1028792,8.7859921,14
967133.01967133,53.1030347,8.7946686,15
967133.01967133,53.1027495,8.7984953,16
967133.01967133,53.1066622,8.7959708,17
967133.01967133,53.107624,8.7970545,18
967133.01967133,53.1094136,8.8015149,19
967133.01967133,53.1115609,8.7998095,20
967133.01967133,53.1004474,8.7575144,21
967281.01967281,53.0708498,8.9159959,0
967281.01967281,53.0648754,8.9141475,1
967281.01967281,53.0622965,8.9141404,2
967281.01967281,53.0600789,8.9141778,3
967281.01967281,53.0592396,8.8965134,4
967281.01967281,53.0603608,8.8929718,5
967281.01967281,53.0621246,8.8880691,6
967281.01967281,53.0671741,8.8878543,7
967281.01967281,53.0718887,8.8857369,8
967281.01967281,53.0762202,8.8813757,9
967281.01967281,53.0793705,8.8785385,10
967281.01967281,53.0869659,8.8714913,11
967281.01967281,53.091061,8.8707339,12
967281.01967281,53.0969523,8.8700641,13
967281.01967281,53.1028391,8.8584531,14
967281.01967281,53.1037253,8.8551512,15
967621.01967621,53.0862701,8.8912221,0
967621.01967621,53.086196,8.8865139,1
967621.01967621,53.0859307,8.8796755,2
967621.01967621,53.0858285,8.8738212,3
967621.01967621,53.082155,8.8676878,4
967621.01967621,53.0826519,8.8599457,5
967621.01967621,53.0826339,8.8548936,6
967621.01967621,53.0810794,8.8432529,7
967621.01967621,53.0825069,8.836985,8
967621.01967621,53.083969,8.8255375,9
967621.01967621,53.0821074,8.8127911,10
967621.01967621,53.0792831,8.8096598,11
967621.01967621,53.0745608,8.8081808,12
967621.01967621,53.0719372,8.8030383,13
967621.01967621,53.0727257,8.7998906,14
967621.01967621,53.0746108,8.7932765,15
967621.01967621,53.0732971,8.7893818,16
967621.01967621,53.0762622,8.7832633,17
967621.01967621,53.0784495,8.7799231,18
967621.01967621,53.079793,8.7757115,19
967621.01967621,53.0818783,8.7715939,20
967621.01967621,53.0844411,8.7660358,21
967621.01967621,53.087603,8.7614167,22
967621.01967621,53.0890241,8.7536006,23
967621.01967621,53.0919849,8.7509734,24
967621.01967621,53.094336,8.7482296,25
967621.01967621,53.0962084,8.7459341,26
968205.01968205,53.0963444,8.819227,0
968205.01968205,53.0973595,8.8158288,1
968205.01968205,53.0984062,8.8121396,2
968205.01968205,53.0994801,8.807475,3
968205.01968205,53.0950802,8.8075566,4
968205.01968205,53.0931534,8.803883,5
968205.01968205,53.0848947,8.8033547,6
968205.01968205,53.0838738,8.7986589,7
968205.01968205,53.0808015,8.7971296,8
968205.01968205,53.0783392,8.8010963,9
968205.01968205,53.0767781,8.8035361,10
968205.01968205,53.0813899,8.8137633,11
968205.01968205,53.0805021,8.8191403,12
968205.01968205,53.0786528,8.8262957,13
968205.01968205,53.0767407,8.8379326,14
968205.01968205,53.0751836,8.8450824,15
968205.01968205,53.0735362,8.8529295,16
968205.01968205,53.0725235,8.857689,17
968205.01968205,53.071535,8.8648432,18
968205.01968205,53.0740771,8.8699412,19
968205.01968205,53.0742351,8.8759761,20
968205.01968205,53.072827,8.8794468,21
968205.01968205,53.0716483,8.8826266,22
968205.01968205,53.0714294,8.8872088,23
968205.01968205,53.0715162,8.8922249,24
968205.01968205,53.0714947,8.9028933,25
968205.01968205,53.0713564,8.9066661,26
968205.01968205,53.0721294,8.9210028,27
968205.01968205,53.0730083,8.9252685,28
968205.01968205,53.0708952,8.9300787,29
968205.01968205,53.069197,8.9350367,30
968205.01968205,53.0682009,8.9389336,31
968205.01968205,53.0667114,8.9429334,32
968205.01968205,53.0651207,8.9499213,33
968206.01968206,53.0663141,8.9438408,0
968206.01968206,53.0682001,8.9392181,1
968206.01968206,53.0695298,8.9338602,2
968206.01968206,53.0713553,8.9298233,3
968206.01968206,53.0730994,8.9243129,4
968206.01968206,53.0721694,8.9207758,5
968206.01968206,53.0715933,8.8908974,6
968206.01968206,53.0716672,8.8821795,7
968206.01968206,53.0735578,8.8790009,8
968206.01968206,53.0737483,8.8754591,9
968206.01968206,53.074271,8.8687869,10
968206.01968206,53.0714641,8.8630764,11
968206.01968206,53.0726207,8.8576989,12
968206.01968206,53.0738586,8.8514149,13
968206.01968206,53.0755459,8.8435412,14
968206.01968206,53.0769603,8.8367878,15
968206.01968206,53.0787329,8.8263029,16
968206.01968206,53.0806952,8.8187923,17
968206.01968206,53.0819392,8.8125766,18
968206.01968206,53.0770008,8.8034125,19
968206.01968206,53.0780742,8.8015724,20
968206.01968206,53.0812227,8.7964374,21
968206.01968206,53.0836161,8.7984043,22
968206.01968206,53.0851108,8.8038478,23
968206.01968206,53.0931694,8.8040315,24
968206.01968206,53.0949882,8.8088966,25
968206.01968206,53.0980017,8.8135751,26
968206.01968206,53.0970836,8.8167891,27
969014.01969014,53.0998463,8.8204433,0
969014.01969014,53.1008734,8.8175344,1
969014.01969014,53.101807,8.8162436,2
969014.01969014,53.0925451,8.8108706,3
969014.01969014,53.0899638,8.8140962,4
969014.01969014,53.0867746,8.8180199,5
969014.01969014,53.0695782,8.7880793,6
969014.01969014,53.0680599,8.7907467,7
969014.01969014,53.0666071,8.7932923,8
969014.01969014,53.06447,8.7970707,9
969014.01969014,53.0618542,8.8008106,10
969014.01969014,53.0601618,8.803229,11
969014.01969014,53.0589332,8.8089726,12
969014.01969014,53.0547385,8.8149651,13
969014.01969014,53.0518525,8.8199442,14
969019.01969019,53.0550147,8.8145589,0
969019.01969019,53.0590904,8.8087496,1
969019.01969019,53.0599943,8.8034663,2
969019.01969019,53.0616243,8.8011458,3
969019.01969019,53.0646952,8.7967093,4
969019.01969019,53.0661785,8.7940786,5
969019.01969019,53.0696214,8.7880011,6
969019.01969019,53.0862997,8.8181737,7
969019.01969019,53.0907145,8.813269,8
969019.01969019,53.0932418,8.8100032,9
969019.01969019,53.0986073,8.8129043,10
969019.01969019,53.1013945,8.814644,11
969019.01969019,53.1013561,8.8159798,12
969517.01969517,53.0513022,8.9496287,0
969517.01969517,53.053621,8.9534425,1
969517.01969517,53.0577124,8.9539573,2
969517.01969517,53.0578973,8.9508941,3
969517.01969517,53.0619543,8.9510089,4
969517.01969517,53.0656307,8.9444718,5
969517.01969517,53.0629691,8.943589,6
969517.01969517,53.0584938,8.9397839,7
971662.01971662,53.0592958,8.930622,0
971662.01971662,53.0625197,8.9318091,1
971662.01971662,53.065446,8.9328867,2
971662.01971662,53.0677801,8.9337463,3
971662.01971662,53.0742075,8.9365497,4
971662.01971662,53.0769866,8.9398761,5
971662.01971662,53.0908053,8.9245348,6
971662.01971662,53.0919661,8.9204114,7
971662.01971662,53.0942717,8.9145077,8
971662.01971662,53.0966461,8.9094121,9
971662.01971662,53.0998257,8.9014964,10
971662.01971662,53.0984229,8.893101,11
971662.01971662,53.0998303,8.8855562,12
971662.01971662,53.1014644,8.8796147,13
971662.01971662,53.101362,8.8741608,14
972082.01972082,53.1034828,8.9022811,0
972082.01972082,53.1022014,8.9128693,1
972082.01972082,53.1011958,8.9160567,2
972082.01972082,53.0992571,8.921531,3
972082.01972082,53.0957602,8.9295149,4
972082.01972082,53.0932806,8.9329396,5
972082.01972082,53.0904347,8.9357587,6
972083.01972083,53.0931903,8.9330698,0
972083.01972083,53.0953251,8.9301107,1
972083.01972083,53.0990075,8.9222139,2
972083.01972083,53.1010919,8.9163715,3
972083.01972083,53.1022956,8.912539,4
972083.01972083,53.1037374,8.9025362,5
1244816.011244816,53.5353385,8.5976743,0
1244816.011244816,53.5114472,8.5961103,1
1244816.011244816,53.5063062,8.6106817,2
1244866.011244866,53.5060345,8.5983492,0
1244866.011244866,53.5114588,8.5961705,1
1244866.011244866,53.5196939,8.6050896,2
1244866.011244866,53.5288493,8.6001878,3
1244866.011244866,53.5348213,8.5892748,4
1244866.011244866,53.5382117,8.5843763,5
1244866.011244866,53.5405555,8.5793735,6
1244866.011244866,53.5462105,8.5765716,7
1244866.011244866,53.5497512,8.5799285,8
1244866.011244866,53.5567218,8.5846642,9
1244866.011244866,53.557511,8.5930636,10
1244866.011244866,53.5675142,8.5965021,11
1244866.011244866,53.5891433,8.597287,12
1244866.011244866,53.5877762,8.6131615,13
1244866.011244866,53.5886957,8.616117,14
1244866.011244866,53.594151,8.6218611,15
1244895.011244895,53.5164366,8.6056166,0
1244895.011244895,53.5182837,8.6084419,1
1244895.011244895,53.5230284,8.605374,2
1244895.011244895,53.523311,8.597585,3
1244895.011244895,53.5279702,8.5962953,4
1244895.011244895,53.5311516,8.5947425,5
1244895.011244895,53.5351179,8.5977382,6
1244895.011244895,53.5393915,8.5925477,7
1244895.011244895,53.5410127,8.5829369,8
1244895.011244895,53.5436475,8.5793463,9
1244895.011244895,53.5473858,8.5754336,10
1244895.011244895,53.5516014,8.5811081,11
1244895.011244895,53.5542548,8.5829538,12
1244895.011244895,53.5625231,8.5862212,13
1244895.011244895,53.5638196,8.5869194,14
1244895.011244895,53.5668902,8.5923566,15
1244895.011244895,53.5710387,8.5954048,16
1244895.011244895,53.5754871,8.5920291,17
1244895.011244895,53.5795929,8.5918235,18
1244895.011244895,53.582426,8.591021,19
1244895.011244895,53.586198,8.5905136,20
1244895.011244895,53.5913022,8.601081,21
1244895.011244895,53.589933,8.6096524,22
1244895.011244895,53.5903156,8.6207732,23
1244895.011244895,53.5925168,8.6232024,24
1245148.011245148,53.5199969,8.6378633,0
1245148.011245148,53.5213033,8.6355276,1
1245148.011245148,53.5194747,8.6313203,2
1245148.011245148,53.5167563,8.6321542,3
1245148.011245148,53.5186947,8.6224217,4
1245148.011245148,53.5208496,8.6150513,5
1245148.011245148,53.5223332,8.6112773,6
1245148.011245148,53.5231264,8.6064011,7
1245148.011245148,53.5245144,8.6014504,8
1245148.011245148,53.5322747,8.5985574,9
1245148.011245148,53.5406231,8.590795,10
1245148.011245148,53.5441147,8.5916595,11
1245148.011245148,53.5478666,8.5942663,12
1245148.011245148,53.5536202,8.5934715,13
1245148.011245148,53.5637182,8.5948331,14
1245148.011245148,53.5724551,8.5964958,15
1245148.011245148,53.575524,8.5972568,16
1245148.011245148,53.5804645,8.5979243,17
1245148.011245148,53.5833046,8.5979447,18
1245148.011245148,53.5861136,8.6046975,19
1246166.011246166,53.4872389,8.5977309,0
1246166.011246166,53.489241,8.5956011,1
1246166.011246166,53.4916656,8.5959247,2
1246166.011246166,53.4948661,8.5991757,3
1246166.011246166,53.4968972,8.6011552,4
1246166.011246166,53.501111,8.6003638,5
1246166.011246166,53.5099176,8.5960526,6
1246166.011246166,53.513835,8.5937609,7
1246166.011246166,53.5167703,8.5920422,8
1246166.011246166,53.5192811,8.5903515,9
1246166.011246166,53.5218459,8.5897701,10
1246166.011246166,53.5277145,8.589788,11
1246166.011246166,53.5321864,8.591296,12
1246166.011246166,53.5348288,8.5978208,13
1246166.011246166,53.5373209,8.5864046,14
1246166.011246166,53.5388543,8.5870196,15
1246166.011246166,53.5497359,8.5731315,16
1246166.011246166,53.5525542,8.5715235,17
1246166.011246166,53.5553143,8.5689124,18
1246166.011246166,53.5604023,8.5679699,19
1246166.011246166,53.5605042,8.5737784,20
1246166.011246166,53.5607064,8.57958,21
1246166.011246166,53.5937676,8.598019,22
1246166.011246166,53.6169631,8.6287353,23
1246166.011246166,53.4919674,8.5990536,24
1246166.011246166,53.5890385,8.597311,25
1246266.011246266,53.5031592,8.6085262,0
1246266.011246266,53.5042309,8.6034596,1
1246305.011246305,53.5315621,8.6546174,0
1246305.011246305,53.5309831,8.6441273,1
1246305.011246305,53.5308955,8.6395825,2
1246305.011246305,53.5376313,8.6391191,3
1246305.011246305,53.5328512,8.6331331,4
1246305.011246305,53.5304958,8.6306505,5
1246305.011246305,53.5294793,8.6257268,6
1246305.011246305,53.5286612,8.6197506,7
1246305.011246305,53.5294322,8.6125523,8
1246305.011246305,53.5311243,8.602743,9
1246305.011246305,53.5667627,8.5968896,10
1246305.011246305,53.5665993,8.5991848,11
1246305.011246305,53.5703567,8.6030732,12
1246305.011246305,53.5707053,8.6089514,13
1246305.011246305,53.5706822,8.6131013,14
1246305.011246305,53.5718764,8.6266387,15
1246305.011246305,53.5792622,8.629057,16
1247072.011247072,53.5704991,8.6019121,0
1247072.011247072,53.5738931,8.6037126,1
1247072.011247072,53.5777333,8.604333,2
1247072.011247072,53.5809555,8.60459,3
1247072.011247072,53.5845935,8.6039035,4
1247096.011247096,53.5755989,8.5913008,0
1247096.011247096,53.5760356,8.5884321,1
1247096.011247096,53.5784073,8.5886398,2
1247096.011247096,53.5824131,8.5899176,3
1247096.011247096,53.584666,8.5838267,4
1247096.011247096,53.5863143,8.5779401,5
1247096.011247096,53.5868865,8.5731682,6
1247096.011247096,53.5899216,8.5579116,7
1247096.011247096,53.6009831,8.5353538,8
1247096.011247096,53.6030474,8.5354301,9
1247096.011247096,53.606465,8.5351249,10
1247121.011247121,53.5322512,8.5894774,0
1247121.011247121,53.5955596,8.6046739,1
1247121.011247121,53.6015713,8.6236756,2
1247121.011247121,53.6006639,8.6324091,3
1247131.011247131,53.5344835,8.5979161,0
1247131.011247131,53.5362374,8.5818702,1
1247131.011247131,53.5336319,8.5793793,2
1247131.011247131,53.5296209,8.5750048,3
1247131.011247131,53.52702,8.5740047,4
1247131.011247131,53.5237686,8.5730209,5
1247131.011247131,53.5216302,8.5725102,6
1247133.011247133,53.5233942,8.5729162,0
1247133.011247133,53.5295642,8.5749845,1
1247133.011247133,53.5366758,8.5823341,2
1247145.011247145,53.4965262,8.5925257,0
1247145.011247145,53.5004937,8.5912802,1
1247145.011247145,53.5037597,8.5902402,2
1247145.011247145,53.5077808,8.5889572,3
1247145.011247145,53.510425,8.5881066,4
1247145.011247145,53.5130741,8.587135,5
1247145.011247145,53.5151673,8.5853403,6
1247145.011247145,53.5170051,8.5833157,7
1247145.011247145,53.5203128,8.5796993,8
1247145.011247145,53.5218548,8.5815929,9
1247145.011247145,53.521017,8.5851594,10
1344048.011344048,53.566754,8.6006485,0
1344048.011344048,53.5350113,8.5993139,1
1344048.011344048,53.5088309,8.6115355,2
1344048.011344048,53.474213,8.6547212,3
1344048.011344048,53.1829359,8.7529928,4
1344048.011344048,53.159729,8.7051047,5
1344048.011344048,53.0833792,8.8138574,6
1344048.011344048,53.0534703,8.8874107,7
1544476.011544476,53.0337627,8.736185,0
1544476.011544476,53.0363957,8.7271814,1
1544476.011544476,53.0390636,8.7292304,2
1544476.011544476,53.0407531,8.7310135,3
1544476.011544476,53.0445092,8.7360525,4
1544476.011544476,53.0472023,8.7385086,5
1544476.011544476,53.0484753,8.7421356,6
2179661.012179661,53.1066277,8.8624709,0
2179661.012179661,53.10977,8.8857998,1
2559077.012559077,53.0922493,8.90974,0
2559077.012559077,53.089254,8.901176,1
2559077.012559077,53.1144356,8.8961372,2
2559077.012559077,53.1210164,8.8998038,3
2559077.012559077,53.1190849,8.9086709,4
2559077.012559077,53.117882,8.9060658,5
2559077.012559077,53.1196341,8.9128883,6
2559077.012559077,53.0907112,8.9115212,7
2559077.012559077,53.0892056,8.9041328,8
2559077.012559077,53.0891787,8.8914785,9
2559077.012559077,53.0904471,8.88373,10
2559077.012559077,53.0913521,8.8729209,11
2559077.012559077,53.1122302,8.8786877,12
2559077.012559077,53.109882,8.8818835,13
2559077.012559077,53.1090932,8.8883057,14
2559077.012559077,53.1091724,8.8911519,15
2559077.012559077,53.110915,8.8928308,16
2559077.012559077,53.1184067,8.8970405,17
2559652.012559652,53.1340942,8.7350724,0
2559652.012559652,53.1266908,8.746701,1
2559652.012559652,53.1202367,8.7525328,2
2559652.012559652,53.1674712,8.7021171,3
2559784.012559784,53.0985338,8.8117168,0
2559784.012559784,53.1000315,8.8069429,1
2559784.012559784,53.102841,8.7986015,2
2559784.012559784,53.1018337,8.7737751,3
2559784.012559784,53.1087207,8.7638111,4
2559784.012559784,53.1126892,8.7525479,5
2559784.012559784,53.1204788,8.7520621,6
2559784.012559784,53.1251611,8.7484659,7
2559784.012559784,53.1296412,8.7433127,8
2559784.012559784,53.1355808,8.7301122,9
2559784.012559784,53.1384113,8.7227433,10
2559784.012559784,53.1478577,8.711224,11
2559784.012559784,53.1524244,8.7074557,12
2559784.012559784,53.1549741,8.7046364,13
2559784.012559784,53.1679025,8.7096543,14
2559784.012559784,53.1693681,8.7124401,15
2559784.012559784,53.1786101,8.7243248,16
2559784.012559784,53.1786499,8.7196411,17
2559784.012559784,53.1754308,8.7060652,18
2559784.012559784,53.1740325,8.6967275,19
2559784.012559784,53.1735108,8.6889848,20
2559784.012559784,53.1712142,8.6836847,21
2559784.012559784,53.173622,8.6750757,22
2559784.012559784,53.1748441,8.6689516,23
2559784.012559784,53.1749801,8.6599107,24
2559784.012559784,53.1738251,8.6488398,25
2559784.012559784,53.1731644,8.6403502,26
2559784.012559784,53.170685,8.6353064,27
2559784.012559784,53.1752337,8.6125692,28
2559784.012559784,53.1764952,8.6058088,29
2559784.012559784,53.1773162,8.6021613,30
2559784.012559784,53.1787032,8.5959172,31
2559784.012559784,53.1799658,8.5891205,32
2559784.012559784,53.1813158,8.5792594,33
2559784.012559784,53.1897569,8.5712942,34
2559784.012559784,53.1898207,8.5662048,35
2559784.012559784,53.1918741,8.5628022,36
2559784.012559784,53.1897585,8.5578717,37
2559784.012559784,53.1861957,8.5549939,38
2559784.012559784,53.1885786,8.5474858,39
2559784.012559784,53.1898967,8.5434305,40
2559784.012559784,53.1916179,8.5379163,41
2559784.012559784,53.192959,8.5338418,42
2559784.012559784,53.2036307,8.5240552,43
2559784.012559784,53.2054601,8.5190712,44
2559784.012559784,53.208093,8.5140719,45
2559784.012559784,53.2114479,8.5123545,46
2559784.012559784,53.2136001,8.5109215,47
2559784.012559784,53.2184647,8.5093484,48
2559784.012559784,53.2229278,8.5088318,49
2563060.012563060,53.1176805,8.906267,0
2563060.012563060,53.1090222,8.8882679,1
2563060.012563060,53.1143928,8.8960675,2
2563060.012563060,53.1111827,8.8930861,3
2563060.012563060,53.1091587,8.8911387,4
2563060.012563060,53.1097935,8.8821168,5
2563060.012563060,53.1116745,8.8784723,6
2563060.012563060,53.0913893,8.8725737,7
2563060.012563060,53.0904384,8.8832928,8
2563060.012563060,53.0891933,8.8919968,9
2563060.012563060,53.0894884,8.9013605,10
2563060.012563060,53.0905845,8.9055734,11
2563060.012563060,53.1188402,8.8974172,12
2564907.012564907,53.0977535,8.7811585,0
2564907.012564907,53.0953094,8.7822781,1
2564907.012564907,53.0925096,8.7845837,2
2564907.012564907,53.0905272,8.7868204,3
2564907.012564907,53.0917647,8.7915758,4
2564907.012564907,53.0945495,8.8035926,5
2564907.012564907,53.1045007,8.816742,6
2564907.012564907,53.1074858,8.8175404,7
2564907.012564907,53.1120261,8.8206681,8
2564907.012564907,53.1150672,8.8337221,9
2564907.012564907,53.114918,8.8382195,10
2564907.012564907,53.1137423,8.8443823,11
2564907.012564907,53.1121754,8.8495949,12
2564907.012564907,53.1092068,8.8475671,13
2658893.012658893,53.0854364,8.717659,0
2658893.012658893,53.0835394,8.7236945,1
2658893.012658893,53.0879448,8.7363881,2
2658893.012658893,53.0863113,8.7472469,3
2658893.012658893,53.0814272,8.7553655,4
2658893.012658893,53.0757365,8.7616938,5
2658893.012658893,53.0724893,8.7698061,6
2658893.012658893,53.0701209,8.7760322,7
2658893.012658893,53.0696544,8.7870887,8
2658893.012658893,53.081824,8.8141087,9
2658894.012658894,53.0695414,8.7869058,0
2658894.012658894,53.0701739,8.7758947,1
2658894.012658894,53.0726406,8.7694272,2
2658894.012658894,53.07584,8.7615085,3
2658894.012658894,53.0817093,8.755377,4
2658894.012658894,53.0857841,8.7479028,5
2658894.012658894,53.0886918,8.744295,6
2658894.012658894,53.0878734,8.7360444,7
2658894.012658894,53.0903196,8.7247207,8
2658894.012658894,53.0901965,8.7145267,9
2658894.012658894,53.094561,8.711004,10
2658894.012658894,53.0956869,8.7164044,11
2658894.012658894,53.0941186,8.6996397,12
2658894.012658894,53.0903567,8.7045697,13
2658894.012658894,53.0875807,8.7120657,14
2678251.012678251,53.0944651,8.6660201,0
2678251.012678251,53.0901694,8.6716353,1
2678251.012678251,53.0862994,8.6908405,2
2678251.012678251,53.0833953,8.7012664,3
2678251.012678251,53.0801188,8.7098923,4
2678251.012678251,53.0767345,8.7229026,5
2678251.012678251,53.0795714,8.7364696,6
2678251.012678251,53.0795272,8.7418322,7
2678251.012678251,53.0859183,8.7527629,8
2678252.012678252,53.0858564,8.7527359,0
2678252.012678252,53.0796157,8.7379638,1
2678252.012678252,53.0767236,8.7232881,2
2678252.012678252,53.0800795,8.7100245,3
2678252.012678252,53.0832099,8.7017957,4
2678252.012678252,53.086212,8.6911636,5
2678252.012678252,53.0887384,8.6742387,6
2679072.012679072,53.1099619,8.7165785,0
2679072.012679072,53.1107839,8.7100208,1
2679072.012679072,53.1157067,8.7044132,2
2679072.012679072,53.1167343,8.7004098,3
2679072.012679072,53.1165361,8.697178,4
2679072.012679072,53.1167927,8.6909037,5
2679072.012679072,53.1164493,8.6832295,6
2679072.012679072,53.117559,8.6790828,7
2679072.012679072,53.1197196,8.6740397,8
2679072.012679072,53.120701,8.6715367,9
2679073.012679073,53.1196354,8.6742582,0
2679073.012679073,53.1176323,8.6788966,1
2679073.012679073,53.1164964,8.6829828,2
2679073.012679073,53.1167916,8.6906667,3
2679073.012679073,53.1165773,8.6970057,4
2679073.012679073,53.1167396,8.7001431,5
2679073.012679073,53.1101044,8.7165466,6
2684115.012684115,53.0946999,8.6668741,0
2684115.012684115,53.0801398,8.7367748,1
2684115.012684115,53.1017658,8.6712233,2
2684116.012684116,53.0945338,8.6668076,0
2684116.012684116,53.1018787,8.671328,1
2754123.012754123,53.0397138,8.9442417,0
2754123.012754123,53.0381338,8.9244302,1
2754123.012754123,53.039034,8.9153492,2
2754123.012754123,53.0546137,8.8936247,3
2754123.012754123,53.0560745,8.8880136,4
2754123.012754123,53.0587782,8.8856406,5
2754123.012754123,53.062193,8.8853619,6
2754123.012754123,53.0655217,8.8780121,7
2754123.012754123,53.0635622,8.8680488,8
2754124.012754124,53.0635517,8.8674554,0
2754124.012754124,53.0654658,8.8780264,1
2754124.012754124,53.0617292,8.8861875,2
2754124.012754124,53.0582198,8.8854762,3
2754124.012754124,53.0529041,8.8991048,4
2754124.012754124,53.0509531,8.8948264,5
2754124.012754124,53.0496232,8.8922893,6
2754124.012754124,53.0476157,8.8924891,7
2754124.012754124,53.0441279,8.8977132,8
2754124.012754124,53.0411305,8.9030727,9
2754124.012754124,53.0398538,8.9083941,10
2754124.012754124,53.0390015,8.9171676,11
2754124.012754124,53.0383437,8.9255056,12
2754124.012754124,53.0387803,8.9320376,13
2754124.012754124,53.0382888,8.939918,14
2754126.012754126,53.0421906,8.9124637,0
2754126.012754126,53.0448087,8.9157933,1
2754126.012754126,53.0442526,8.9229867,2
2754126.012754126,53.0411209,8.9317998,3
2754126.012754126,53.0395304,8.9323075,4
2762538.012762538,53.1861912,8.5562804,0
2762538.012762538,53.1901879,8.5587082,1
2762538.012762538,53.1915433,8.5633344,2
2762538.012762538,53.1890351,8.5674477,3
2762538.012762538,53.1898013,8.5714557,4
2762538.012762538,53.1788735,8.5951502,5
2762538.012762538,53.1775573,8.6010806,6
2762538.012762538,53.1762728,8.6068041,7
2762538.012762538,53.1754116,8.6129357,8
2762538.012762538,53.1725296,8.6797031,9
2762538.012762538,53.1757714,8.7070616,10
2762538.012762538,53.1785683,8.7187477,11
2762538.012762538,53.1787227,8.7239786,12
2762538.012762538,53.1698859,8.7127775,13
2762538.012762538,53.1676178,8.7087119,14
2762538.012762538,53.1115676,8.7531471,15
2762538.012762538,53.1086371,8.763524,16
2762538.012762538,53.1018663,8.7732688,17
2762538.012762538,53.0995026,8.8083608,18
2762539.012762539,53.0377597,8.9451119,0
2762539.012762539,53.0344426,8.9527484,1
2762539.012762539,53.0387194,8.9595747,2
2762539.012762539,53.0422374,8.9591765,3
2762539.012762539,53.0461551,8.9572489,4
2762540.012762540,53.0464297,8.9579122,0
2762540.012762540,53.0422997,8.9591651,1
2762540.012762540,53.0423332,8.9611188,2
2762540.012762540,53.0458366,8.9656913,3
2762540.012762540,53.046257,8.9698801,4
2762540.012762540,53.0431523,8.9700333,5
2762540.012762540,53.0409917,8.9753412,6
2762540.012762540,53.0372667,8.9712169,7
2762540.012762540,53.039805,8.9653754,8
2762540.012762540,53.0392566,8.9605934,9
2762540.012762540,53.0345462,8.9524252,10
2762540.012762540,53.0379282,8.9443307,11
2762541.012762541,53.0746554,8.8091568,0
2762541.012762541,53.0593598,8.899846,1
2762542.012762542,53.071557,8.8870114,0
2762542.012762542,53.0748523,8.8089128,1
2765077.012765077,53.1350271,8.740089,0
2765077.012765077,53.1374009,8.7220304,1
2765077.012765077,53.1353542,8.7144952,2
2765077.012765077,53.1398318,8.7012819,3
2765077.012765077,53.142448,8.6931533,4
2765077.012765077,53.1403024,8.7020334,5
2765077.012765077,53.1344957,8.708868,6
2765077.012765077,53.1305248,8.706196,7
2765077.012765077,53.1264681,8.7139733,8
2765077.012765077,53.1291891,8.71107,9
2765077.012765077,53.1348794,8.7093127,10
2765077.012765077,53.1308715,8.7065395,11
2765077.012765077,53.1290249,8.7118643,12
2765077.012765077,53.1342308,8.7168874,13
2765077.012765077,53.131363,8.7225143,14
2765077.012765077,53.1285472,8.7298204,15
2765077.012765077,53.124524,8.7408314,16
2765078.012765078,53.1319515,8.7216192,0
2765078.012765078,53.1289025,8.728846,1
2765078.012765078,53.1250423,8.739926,2
2765080.012765080,53.1383288,8.7142207,0
2765080.012765080,53.1351997,8.715141,1
2765081.012765081,53.125905,8.7575165,0
2765081.012765081,53.1247321,8.7606496,1
2765081.012765081,53.1233473,8.7629894,2
2765081.012765081,53.1211404,8.7615324,3
2765081.012765081,53.1184034,8.7655862,4
2765081.012765081,53.1168355,8.7682669,5
2765081.012765081,53.1138344,8.7703306,6
2765081.012765081,53.1131918,8.7646232,7
2881910.012881910,53.0793021,8.8935953,0
2881910.012881910,53.0792274,8.8970289,1
2881910.012881910,53.0769508,8.9014851,2
2881911.012881911,53.0561371,8.8849462,0
2881911.012881911,53.056883,8.8806079,1
2881911.012881911,53.0570099,8.8775328,2
2881911.012881911,53.0516111,8.8830478,3
2881911.012881911,53.0478546,8.8837335,4
2881911.012881911,53.0410337,8.884064,5
2881912.012881912,53.0942352,8.8331227,0
2881912.012881912,53.096976,8.8351144,1
2881912.012881912,53.0988682,8.83646,2
2881913.012881913,53.0949164,8.8338193,0
2881913.012881913,53.0974219,8.835627,1
2881913.012881913,53.058974,8.9311518,2
2893235.012893235,53.0321993,8.8854834,0
2893235.012893235,53.034089,8.8911148,1
2893235.012893235,53.0362931,8.9017838,2
2893235.012893235,53.0331887,8.8999662,3
2893237.012893237,53.0338347,8.8910211,0
2893237.012893237,53.0321643,8.8850804,1
2900533.012900533,53.0396269,8.9658046,0
2900533.012900533,53.0371466,8.9713739,1
2900533.012900533,53.0411704,8.974929,2
2900533.012900533,53.0433767,8.9700935,3
2900533.012900533,53.045894,8.9699166,4
2900533.012900533,53.0460248,8.9659288,5
2914388.012914388,53.181426,8.579562,0
2914388.012914388,53.1938098,8.5601563,1
2914389.012914389,53.18433,8.6123372,0
2914389.012914389,53.1846292,8.603894,1
2914389.012914389,53.1848649,8.5969416,2
2914389.012914389,53.1845168,8.5939297,3
2914389.012914389,53.1814488,8.5737172,4
2914389.012914389,53.1816665,8.5677691,5
2914389.012914389,53.1832223,8.5623221,6
2914389.012914389,53.199009,8.5274351,7
2916175.012916175,53.0861985,8.8962436,0
2916175.012916175,53.0911108,8.8349326,1
2916175.012916175,53.0882236,8.8327186,2
2916175.012916175,53.0857033,8.8305987,3
2916175.012916175,53.0844522,8.8253486,4
2916175.012916175,53.0680866,8.7906995,5
2916175.012916175,53.0469585,8.8182123,6
2916175.012916175,53.0429156,8.8159355,7
2916175.012916175,53.038822,8.8136327,8
2916175.012916175,53.0338279,8.8104423,9
2916175.012916175,53.0306397,8.8120954,10
2916175.012916175,53.0277267,8.8191946,11
2916175.012916175,53.0299957,8.8232795,12
2916175.012916175,53.0342767,8.8275077,13
2916175.012916175,53.0339253,8.8308447,14
2916175.012916175,53.0374393,8.8381156,15
2916175.012916175,53.0352814,8.8417728,16
2916175.012916175,53.0304737,8.8456104,17
2916175.012916175,53.0278867,8.8497591,18
2916175.012916175,53.0308782,8.8506383,19
2916175.012916175,53.0335162,8.8511905,20
2916175.012916175,53.0379795,8.8509655,21
2916175.012916175,53.0418087,8.8505,22
2916175.012916175,53.0453029,8.8513602,23
2916175.012916175,53.0466053,8.8593836,24
2916175.012916175,53.0505429,8.8530885,25
2916175.012916175,53.0504576,8.8470485,26
2916175.012916175,53.0507547,8.8394848,27
2916175.012916175,53.0507595,8.834763,28
2916175.012916175,53.0503782,8.8283335,29
2916175.012916175,53.052022,8.819368,30
2916176.012916176,53.0503828,8.8289601,0
2916176.012916176,53.0507775,8.8349365,1
2916176.012916176,53.0508088,8.8389376,2
2916176.012916176,53.0502512,8.8476704,3
2916176.012916176,53.0505622,8.8537886,4
2916176.012916176,53.046495,8.8593769,5
2916176.012916176,53.0450386,8.8506988,6
2916176.012916176,53.0412246,8.8503941,7
2916176.012916176,53.0374414,8.8515628,8
2916176.012916176,53.0332931,8.8511947,9
2916176.012916176,53.028242,8.8502538,10
2916176.012916176,53.0305528,8.8454885,11
2916176.012916176,53.035677,8.8408578,12
2916176.012916176,53.0373245,8.8367008,13
2916176.012916176,53.0340262,8.8306646,14
2916176.012916176,53.0342759,8.8264003,15
2916176.012916176,53.0279553,8.8184474,16
2916176.012916176,53.0302902,8.8129121,17
2916176.012916176,53.0342818,8.8108325,18
2916176.012916176,53.0401333,8.8144322,19
2916176.012916176,53.043636,8.8163206,20
2916176.012916176,53.0844549,8.8257142,21
2916176.012916176,53.0858477,8.8311696,22
2916176.012916176,53.0881639,8.8326757,23
2916176.012916176,53.0912421,8.8350335,24
2916176.012916176,53.0861011,8.8958683,25
3103979.013103979,53.1745627,8.7188197,0
3103979.013103979,53.1771162,8.7169575,1
3103980.013103980,53.1764632,8.717387,0
3103980.013103980,53.1740387,8.7192438,1
3103981.013103981,53.1688229,8.6947038,0
3103981.013103981,53.1696195,8.6887332,1
3103981.013103981,53.1679771,8.6861741,2
3103981.013103981,53.1656066,8.676521,3
3103981.013103981,53.1642594,8.6662037,4
3103981.013103981,53.1639246,8.6625492,5
3103981.013103981,53.1635938,8.6569596,6
3103981.013103981,53.1643015,8.65141,7
3103981.013103981,53.1650098,8.6456759,8
3103981.013103981,53.1668768,8.6366889,9
3103981.013103981,53.1670876,8.631718,10
3103981.013103981,53.1816277,8.5797776,11
3103981.013103981,53.1875897,8.5773551,12
3103981.013103981,53.192898,8.5746147,13
3103981.013103981,53.1979073,8.5725617,14
3103981.013103981,53.2015934,8.5749363,15
3103981.013103981,53.2042633,8.5766524,16
3103981.013103981,53.2073217,8.5785985,17
3103981.013103981,53.2113628,8.5800773,18
3103981.013103981,53.2141607,8.5832366,19
3103982.013103982,53.2194823,8.5892366,0
3103982.013103982,53.2161224,8.5854565,1
3103982.013103982,53.2137403,8.5827786,2
3103982.013103982,53.2104996,8.5791175,3
3103982.013103982,53.2068771,8.5783278,4
3103982.013103982,53.2046126,8.5768831,5
3103982.013103982,53.2013374,8.5747734,6
3103982.013103982,53.1973812,8.5722196,7
3103982.013103982,53.1924569,8.5750632,8
3103982.013103982,53.1885267,8.577032,9
3103982.013103982,53.1816661,8.5794609,10
3103982.013103982,53.1693746,8.6281955,11
3103982.013103982,53.1666782,8.6380073,12
3103982.013103982,53.1648865,8.6467127,13
3103982.013103982,53.1642848,8.6515086,14
3103982.013103982,53.1635968,8.6568283,15
3103982.013103982,53.163765,8.6611017,16
3103982.013103982,53.1642378,8.6659603,17
3103982.013103982,53.1657152,8.6775011,18
3103982.013103982,53.167073,8.6843171,19
3103982.013103982,53.1695668,8.6889209,20
3103982.013103982,53.1687008,8.6957493,21
3103983.013103983,53.2161499,8.5856368,0
3103983.013103983,53.1670626,8.630773,1
3103983.013103983,53.1786742,8.7239445,2
3108460.013108460,53.1203335,8.7523452,0
3108460.013108460,53.1352397,8.7158936,1
3108460.013108460,53.1419086,8.7137547,2
3108460.013108460,53.160756,8.7043079,3
3108460.013108460,53.1738588,8.680946,4
3108460.013108460,53.1914581,8.5610118,5
3108460.013108460,53.1938308,8.5663222,6
3108460.013108460,53.1967558,8.5657619,7
3108460.013108460,53.1996369,8.5627732,8
3108460.013108460,53.2015131,8.5600878,9
3108460.013108460,53.1988066,8.5534854,10
3108460.013108460,53.1959028,8.5481303,11
3108461.013108461,53.196426,8.5490053,0
3108461.013108461,53.1988632,8.5536287,1
3108461.013108461,53.2015759,8.5602408,2
3108461.013108461,53.1990054,8.5634254,3
3108461.013108461,53.1972799,8.5652036,4
3108461.013108461,53.1935908,8.5657132,5
3108461.013108461,53.1914202,8.5609426,6
3108461.013108461,53.173875,8.6814237,7
3108461.013108461,53.1384216,8.7140639,8
3108464.013108464,53.193923,8.5554593,0
3108464.013108464,53.191085,8.554161,1
3108464.013108464,53.1926755,8.5512367,2
3108464.013108464,53.1940318,8.5459873,3
3108464.013108464,53.1906491,8.5429979,4
3108465.013108465,53.1941646,8.5452535,0
3108465.013108465,53.1924458,8.5516562,1
3108465.013108465,53.1907994,8.5554847,2
3108465.013108465,53.1941102,8.5556201,3
3153802.013153802,53.0521755,8.8398842,0
3153802.013153802,53.0539712,8.8407969,1
3153802.013153802,53.0554981,8.84369,2
3153802.013153802,53.0538132,8.8507231,3
3153802.013153802,53.050892,8.8561678,4
3153802.013153802,53.033906,8.843053,5
3153802.013153802,53.0350672,8.8407806,6
3153802.013153802,53.0347117,8.8261058,7
3153802.013153802,53.0370344,8.8223766,8
3153802.013153802,53.0365116,8.8176798,9
3153802.013153802,53.0326937,8.8395021,10
3153802.013153802,53.0517842,8.8198571,11
3153803.013153803,53.0509756,8.8560113,0
3153803.013153803,53.0352591,8.8260138,1
3153803.013153803,53.0338236,8.8429917,2
3153803.013153803,53.0537609,8.8508126,3
3153803.013153803,53.0554537,8.8442286,4
3153803.013153803,53.0543613,8.8409939,5
3153803.013153803,53.0525009,8.8400534,6
3153803.013153803,53.0374124,8.821674,7
3153803.013153803,53.032495,8.8398022,8
3170153.013170153,53.0394778,8.8155034,0
3170153.013170153,53.0286287,8.8066292,1
3185196.013185196,53.0602695,8.7641142,0
3185196.013185196,53.0615425,8.7741344,1
3185196.013185196,53.0590256,8.7780123,2
3185196.013185196,53.0609753,8.7848701,3
3185196.013185196,53.056284,8.7839847,4
3185196.013185196,53.0541823,8.7854235,5
3185196.013185196,53.0538966,8.7915421,6
3185196.013185196,53.056006,8.7953486,7
3185196.013185196,53.0465167,8.8189275,8
3185196.013185196,53.0440043,8.8241022,9
3185196.013185196,53.0409061,8.8281429,10
3336378.013336378,53.051805,8.8189593,0
3336378.013336378,53.0821074,8.8135271,1
3372277.013372277,53.0547752,8.8866918,0
3372277.013372277,53.1611892,8.7045852,1
3372277.013372277,53.184349,8.7548238,2
3372277.013372277,53.4752913,8.6537399,3
3372277.013372277,53.5088135,8.6118495,4
3372277.013372277,53.5350531,8.5997911,5
4593209.014593209,53.1769784,8.6847747,0
4593209.014593209,53.1800358,8.7320639,1
5346093.015346093,53.567878,8.5653882,0
5346093.015346093,53.5693902,8.5604888,1
5346093.015346093,53.5731997,8.5602197,2
5346093.015346093,53.5811046,8.5478947,3
5346093.015346093,53.5959072,8.5397568,4
6251916.016251916,53.0845593,8.8167823,0
6251916.016251916,53.0862898,8.8181929,1
6251919.016251919,53.0866887,8.8183064,0
6251919.016251919,53.0843903,8.8166559,1
6251919.016251919,53.0614534,8.7868959,2
6559182.016559182,53.1907488,8.6354251,0
6559182.016559182,53.1906215,8.6311785,1
6559182.016559182,53.188182,8.6293942,2
6559182.016559182,53.1841665,8.6264094,3
6559182.016559182,53.1781634,8.6247429,4
6559182.016559182,53.1744102,8.623985,5
6559182.016559182,53.1697553,8.6283579,6
6559183.016559183,53.1752794,8.6242875,0
6559183.016559183,53.178893,8.6249299,1
6559183.016559183,53.1833566,8.6260986,2
6559183.016559183,53.182946,8.6343984,3
6559183.016559183,53.1858632,8.6376531,4
6559183.016559183,53.1885375,8.6406411,5
6560472.016560472,53.1947326,8.6150382,0
6560472.016560472,53.1925607,8.6171911,1
6560472.016560472,53.190696,8.6184409,2
6560472.016560472,53.1861406,8.6191371,3
6560472.016560472,53.1700892,8.6279496,4
