shape_id,shape_pt_lat,shape_pt_lon,shape_pt_sequence
35886,47.931048,7.7178504,0
35886,47.9310265,7.7175774,1
35886,47.9841926,7.7958945,2
35886,47.9840433,7.7956492,3
35886,47.9854368,7.8298206,4
35886,47.9561221,7.7531502,5
35886,47.956203,7.7538041,6
35886,47.9560795,7.753172,7
35886,47.9562612,7.7537954,8
35886,47.9880759,7.7957349,9
35886,47.9850321,7.8224096,10
35886,47.9383193,7.7267094,11
35886,47.938416,7.726963,12
35886,47.9879183,7.7958853,13
35886,47.9742323,7.7842102,14
35886,47.9848057,7.8223246,15
35886,47.8836083,7.682726,16
35886,47.9595191,7.7650617,17
35886,47.9569084,7.7599627,18
35886,47.9568416,7.7594455,19
35886,47.9568996,7.7594423,20
35886,47.9568442,7.75999,21
35886,47.9898337,7.8372063,22
35886,47.9898008,7.837276,23
35886,47.9871162,7.8357765,24
35886,47.9855755,7.8295249,25
35886,47.9849745,7.8224193,26
35886,47.9811594,7.8203474,27
35886,47.9782594,7.8161403,28
35886,47.9783846,7.8161201,29
35886,47.9824146,7.8023111,30
35886,47.9809321,7.7937151,31
35886,47.9809704,7.7936959,32
35886,47.9565794,7.7713961,33
35886,47.96677,7.7761983,34
35886,47.9668197,7.7761166,35
35886,47.9667197,7.7757964,36
35886,47.9666774,7.7758376,37
35886,47.9811293,7.7943529,38
35886,47.9809876,7.8038044,39
35886,47.9823951,7.8039986,40
35886,47.9782199,7.8157328,41
35886,47.9781489,7.8157574,42
35886,47.9848626,7.8223019,43
35886,47.9854608,7.8298174,44
35886,47.9866518,7.8360202,45
35886,47.9866602,7.8361059,46
35886,47.9903705,7.8376845,47
35886,47.9903367,7.8378126,48
35886,47.9810837,7.7943877,49
35886,47.9594958,7.765118,50
35886,47.9594852,7.7648866,51
35886,47.9841626,7.7958368,52
35886,47.9962871,7.840786,53
35886,47.9598975,7.7672105,54
35886,47.9384883,7.6909588,55
35886,47.9382113,7.691894,56
35886,47.9437231,7.7358402,57
35886,47.9741243,7.7840951,58
35886,47.9032387,7.6697642,59
35886,47.9043949,7.6712371,60
35886,47.8921332,7.6923659,61
35886,47.9330783,7.7111736,62
35886,47.9329693,7.7112799,63
35886,47.9362183,7.6880438,64
35886,47.9195426,7.6971779,65
35886,47.9548489,7.7709772,66
35886,47.9253329,7.6747888,67
51487,47.9908256,7.8533399,0
51487,47.9908618,7.8533084,1
51487,47.9879652,7.8762978,2
51487,47.9877071,7.8937636,3
51487,47.9863759,7.9052429,4
51487,48.015808,8.0339056,5
51487,48.0206943,8.0480758,6
51487,48.0177901,8.0318208,7
51487,48.019206,8.0541084,8
51487,48.0213258,8.0656609,9
51487,48.0034009,7.9948463,10
51487,48.0196059,8.0446019,11
51487,47.9766293,7.9495926,12
51487,47.9764492,7.9496137,13
51487,47.9773256,7.9542628,14
51487,47.9773344,7.9544345,15
51487,47.9770254,7.9617553,16
51487,47.9774364,7.9613679,17
51487,47.9776248,7.9622431,18
51487,47.9890223,7.9474822,19
51487,47.9890804,7.9475371,20
51487,48.0207398,8.0741681,21
51487,48.0195679,8.0775199,22
51487,47.9730119,8.1250972,23
51487,47.9532145,8.0966371,24
51487,47.9534936,8.0972355,25
51487,47.9688329,7.9576394,26
51487,48.015901,8.0334356,27
51487,47.9840534,7.9653822,28
51487,47.983967,7.9653589,29
51487,47.9994672,7.9742573,30
51487,48.0029397,7.9811459,31
51487,48.0082462,8.0024911,32
51487,48.0082925,8.0023676,33
51487,48.0125877,8.0086728,34
51487,47.9720967,8.1221001,35
51487,47.9720359,8.122472,36
51487,48.0013546,8.111512,37
51487,48.0018142,8.1115027,38
51487,48.0178426,8.0316339,39
51487,47.9390807,8.0777156,40
51487,47.9057652,8.1063894,41
51487,48.0193886,8.0443145,42
51487,48.0194371,8.0445403,43
51487,48.0207081,8.0479945,44
51487,48.020697,8.0481159,45
51487,48.0208447,8.0664632,46
51487,48.0208575,8.0741084,47
51487,48.019976,8.077865,48
51487,48.0074511,8.0922753,49
51487,48.0101544,8.1038601,50
51487,48.0100817,8.1040681,51
51487,47.9920528,8.1174261,52
51487,47.9823349,8.1239454,53
51487,47.9825338,8.1238895,54
51487,47.9727269,8.1249356,55
51487,47.9694322,8.1136585,56
51487,47.9697524,8.111118,57
51487,47.9673565,8.1060148,58
51487,47.967322,8.1061536,59
51487,47.9610255,8.1027717,60
51487,47.960781,8.1028071,61
51487,47.9491555,8.092932,62
51487,47.9492639,8.0930979,63
51487,47.9387233,8.094367,64
51487,47.938954,8.094424,65
51487,47.9394127,8.083689,66
51487,47.9393535,8.0835884,67
51487,47.9312764,8.0976543,68
51487,47.93116,8.0977337,69
51487,47.9279424,8.0978218,70
51487,47.9274279,8.0975953,71
51487,47.915147,8.0965864,72
51487,47.9151534,8.096713,73
51487,47.9099479,8.1005061,74
51487,47.9913217,8.1181714,75
51487,48.012966,8.0091663,76
51487,48.0036163,7.9951446,77
51487,48.0019178,7.9781027,78
51487,47.9990417,7.9734639,79
51487,47.9945169,7.9744278,80
51487,47.9953271,7.9745671,81
51487,47.9878178,7.9725241,82
51487,47.9876897,7.9726467,83
51487,47.9840237,7.9650199,84
51487,47.9840696,7.9649616,85
51487,47.9789049,7.9579824,86
51487,47.9788298,7.9580566,87
51487,47.9643496,7.9553635,88
51487,47.9675751,7.9590244,89
51487,47.9676282,7.9586063,90
51487,47.9966974,7.8411224,91
51487,47.9101792,8.1004629,92
51487,47.9808201,7.9635883,93
51487,48.0167906,8.0351192,94
51487,47.9837598,7.9538093,95
51487,47.9835646,7.9538009,96
51487,47.9758033,7.9520287,97
51487,47.9868969,7.9037592,98
51487,47.9875981,7.8943503,99
51487,47.9882193,7.8770743,100
51487,47.9057497,8.1063431,101
51487,47.9072933,8.1030687,102
51487,47.9073373,8.1029307,103
51487,47.9099489,8.1005423,104
51487,47.9101644,8.1004325,105
51487,47.9151527,8.0966554,106
51487,47.9274373,8.0975794,107
51487,47.9279373,8.0978927,108
51487,47.9393799,8.0837032,109
51487,47.9393889,8.0835885,110
51487,47.938708,8.0944565,111
51487,47.9389549,8.0943737,112
51487,47.9491404,8.0929994,113
51487,47.9492707,8.0930658,114
51487,47.9535296,8.0971938,115
51487,47.9531831,8.0966872,116
51487,47.9610214,8.1028111,117
51487,47.9607927,8.1027665,118
51487,47.96735,8.1061034,119
51487,47.9696989,8.1112114,120
51487,47.9694753,8.1136559,121
51487,47.9720585,8.1220812,122
51487,47.9720893,8.1224012,123
51487,47.9727202,8.1249655,124
51487,47.9730179,8.1250182,125
51487,47.9825188,8.123865,126
51487,47.9823774,8.1239714,127
51487,47.991332,8.1181258,128
51487,47.9920966,8.1174456,129
51487,48.0018047,8.1114517,130
51487,48.0013644,8.1116021,131
51487,48.0101787,8.1038843,132
51487,48.0100647,8.1040165,133
51487,48.0103761,8.0922526,134
51487,48.0099679,8.0924825,135
51487,48.0136248,8.0864401,136
51487,48.0138801,8.0882365,137
51487,48.0199789,8.0778375,138
51487,48.0195665,8.0775774,139
51487,48.0208415,8.0740685,140
51487,48.0207679,8.0742002,141
51487,48.0213046,8.0656368,142
51487,48.0208766,8.0664948,143
51487,48.0192253,8.054144,144
51487,48.0206764,8.0480499,145
51487,48.020706,8.0480911,146
51487,48.0193759,8.0443781,147
51487,48.0194568,8.0444834,148
51487,48.0158332,8.0339128,149
51487,48.0178363,8.0317635,150
51487,48.0177515,8.0316674,151
51487,48.0125946,8.008667,152
51487,48.0129119,8.0091613,153
51487,48.0109383,8.0075146,154
51487,48.0116112,8.0080947,155
51487,48.008263,8.0023929,156
51487,48.0035444,7.9951805,157
51487,48.0034598,7.9948114,158
51487,48.0018678,7.9781444,159
51487,48.002978,7.9811044,160
51487,47.9994917,7.974214,161
51487,47.9990056,7.9735573,162
51487,47.9953241,7.9745222,163
51487,47.9945217,7.9745309,164
51487,47.9876681,7.9725969,165
51487,47.9835614,7.9602113,166
51487,47.9808244,7.9635724,167
51487,47.978844,7.9580649,168
51487,47.9773188,7.9544278,169
51487,47.9773467,7.9542718,170
51487,47.9764539,7.949687,171
51487,47.9675702,7.9586012,172
51487,47.9837236,7.9603083,173
68224,47.9854368,7.8298206,0
68224,47.956203,7.7538041,1
68224,47.9561221,7.7531502,2
68224,47.9562612,7.7537954,3
68224,47.9560795,7.753172,4
68224,47.9850321,7.8224096,5
68224,47.9880759,7.7957349,6
68224,47.9590271,7.7121001,7
68224,47.9573058,7.7174238,8
68224,47.9575337,7.7171594,9
68224,47.9848057,7.8223246,10
68224,47.9013637,7.6321277,11
68224,47.901917,7.6269982,12
68224,47.9591404,7.7119173,13
68224,47.9024645,7.6358789,14
68224,47.9594958,7.765118,15
68224,47.9594852,7.7648866,16
68224,47.9595191,7.7650617,17
68224,47.9569084,7.7599627,18
68224,47.9568416,7.7594455,19
68224,47.9568996,7.7594423,20
68224,47.9568442,7.75999,21
68224,47.9898008,7.837276,22
68224,47.9898337,7.8372063,23
68224,47.9871162,7.8357765,24
68224,47.9855755,7.8295249,25
68224,47.9854595,7.826621,26
68224,47.9849745,7.8224193,27
68224,47.96677,7.7761983,28
68224,47.9668197,7.7761166,29
68224,47.9811293,7.7943529,30
68224,47.9848626,7.8223019,31
68224,47.9853196,7.8262881,32
68224,47.9854608,7.8298174,33
68224,47.9903705,7.8376845,34
68224,47.9903367,7.8378126,35
68224,47.9866518,7.8360202,36
68224,47.9866602,7.8361059,37
68224,47.9810837,7.7943877,38
68224,47.9961013,7.8406394,39
68224,47.9405932,7.6857941,40
68224,47.9552082,7.6713302,41
68224,47.9548573,7.6713598,42
68224,47.9550237,7.6717894,43
68224,47.9678892,7.6992362,44
68224,47.9679675,7.6990893,45
68224,47.9405443,7.6850073,46
68224,47.9384883,7.6909588,47
68224,47.9167277,7.6243747,48
68224,47.9676479,7.6956107,49
68224,47.9675291,7.6957541,50
68224,47.9382113,7.691894,51
68224,47.9336895,7.6248018,52
68224,47.9365772,7.6281323,53
68224,47.9366651,7.6279919,54
68224,47.9195569,7.6970296,55
68224,47.9741243,7.7840951,56
68224,47.9362089,7.6485849,57
68224,47.9361391,7.6486461,58
68320,47.9466766,7.8201585,0
68320,47.9744305,7.8275453,1
68320,47.9131945,7.7563105,2
68320,47.9134,7.7561153,3
68320,47.9392131,7.8171546,4
68320,47.9429047,7.8155516,5
68320,47.942472,7.8148468,6
68320,47.9458778,7.8165135,7
68320,47.9457469,7.8167299,8
68320,47.9199497,7.7109563,9
68320,47.9205945,7.7055036,10
68320,47.9113385,7.6974155,11
68320,47.91122,7.6975253,12
68320,47.9111042,7.6976434,13
68320,47.9373974,7.7272682,14
68320,47.9898337,7.8372063,15
68320,47.9898008,7.837276,16
68320,47.9871162,7.8357765,17
68320,47.9837966,7.8362334,18
68320,47.9838116,7.8361416,19
68320,47.9740397,7.8275551,20
68320,47.9696146,7.8281067,21
68320,47.969634,7.8280498,22
68320,47.9669075,7.8286183,23
68320,47.9666991,7.8285572,24
68320,47.958048,7.8304229,25
68320,47.9581759,7.8303989,26
68320,47.9558158,7.8288978,27
68320,47.9556456,7.8287606,28
68320,47.9526151,7.8278808,29
68320,47.9526498,7.8277953,30
68320,47.9234931,7.7364145,31
68320,47.9242792,7.7352685,32
68320,47.9242827,7.7351793,33
68320,47.9309884,7.7176541,34
68320,47.9310265,7.7175774,35
68320,47.9366121,7.7551975,36
68320,47.9178016,7.7452653,37
68320,47.9467896,7.8204654,38
68320,47.9522113,7.8280027,39
68320,47.9522114,7.8280354,40
68320,47.9565035,7.8295992,41
68320,47.9565243,7.8296636,42
68320,47.9587612,7.8313117,43
68320,47.9587423,7.8313691,44
68320,47.9669075,7.8286183,45
68320,47.9669281,7.8286691,46
68320,47.9692564,7.8283073,47
68320,47.9692348,7.8282509,48
68320,47.969277,7.8283518,49
68320,47.9837119,7.836414,50
68320,47.9903367,7.8378126,51
68320,47.9556544,7.8288215,52
68320,47.9866518,7.8360202,53
68320,47.9866602,7.8361059,54
68320,47.9903705,7.8376845,55
68320,47.9965044,7.8409648,56
68320,47.9170736,7.740693,57
68320,47.9176676,7.7401004,58
68320,47.9188527,7.7322485,59
68320,47.9186251,7.7327625,60
68320,47.9361831,7.7587066,61
68320,47.9398177,7.7586688,62
68320,47.9412878,7.7545235,63
68320,47.9373539,7.7505151,64
68320,47.9231466,7.8015896,65
68320,47.9232865,7.8019344,66
68320,47.9235021,7.7936209,67
68320,47.923616,7.7935315,68
68320,47.920178,7.7872468,69
68320,47.9203572,7.7881503,70
68320,47.9200753,7.7795987,71
68320,47.9201065,7.7808107,72
68320,47.9171797,7.7713937,73
68320,47.9171465,7.7707531,74
68320,47.9195426,7.6971779,75
68320,47.9150789,7.7532089,76
68320,47.9152121,7.7530527,77
68320,47.9191045,7.7455852,78
68320,47.9185899,7.7464361,79
68320,47.9332521,7.8097204,80
68320,47.9401732,7.817196,81
68558,47.8907401,7.8922434,0
68558,47.9966974,7.8411224,1
68558,47.9902825,7.8533538,2
68558,47.9902196,7.8534057,3
68558,47.9041006,7.9171196,4
68558,47.8933189,7.8919613,5
68558,47.8908066,7.8922629,6
68558,47.9083899,7.8922625,7
68558,47.967591,7.958204,8
68558,47.8864741,7.8950223,9
68558,47.8838408,7.896663,10
68558,47.8760017,7.9099221,11
68558,47.9641979,7.9550588,12
68558,47.9643496,7.9553635,13
68558,47.9590408,7.9546271,14
68558,47.9908256,7.8533399,15
68558,47.9908618,7.8533084,16
68558,47.9591423,7.9545655,17
68558,47.9035156,7.9316456,18
68558,47.9343984,7.9532101,19
68558,47.9347035,7.9532527,20
68558,47.9320324,7.9478099,21
68558,47.875763,7.9106941,22
68648,48.0279562,7.8455443,0
68648,48.0111244,7.8301448,1
68648,48.011476,7.8295315,2
68648,48.0134287,7.8262852,3
68648,48.0042938,7.8365829,4
68648,48.004313,7.8366362,5
68648,48.0042797,7.8363415,6
68648,48.0042397,7.8362978,7
68648,48.0016087,7.8420369,8
68648,48.0015167,7.841955,9
68648,48.0138637,7.8256749,10
68648,48.0139086,7.8257702,11
68648,48.0157503,7.8226377,12
68648,48.015806,7.8227432,13
68648,48.0181515,7.8183599,14
68648,48.0181947,7.8184301,15
68648,48.0287453,7.8087889,16
68648,48.0288896,7.8090444,17
68648,48.0289198,7.8088816,18
68648,48.0697988,7.7988088,19
68648,48.0182314,7.8182121,20
68648,48.0181923,7.8181793,21
68648,48.0154438,7.8231623,22
68648,48.0154,7.8231143,23
68648,48.0350149,7.8630231,24
68648,48.0329433,7.8036821,25
68648,48.0329293,7.8036669,26
68648,48.0331796,7.8032481,27
68648,48.0630272,7.7795182,28
68648,48.032554,7.8604337,29
68648,48.0279884,7.8456179,30
68648,48.0111063,7.830097,31
68648,48.0115002,7.8295512,32
68648,48.0133519,7.8261837,33
68648,48.0477864,7.7848099,34
68648,48.0479733,7.7848446,35
68648,48.0505038,7.7830042,36
68648,48.0502771,7.7832025,37
68648,48.0556647,7.7802389,38
68648,48.0552927,7.7804459,39
68648,48.0601183,7.7792484,40
68648,48.0604728,7.7790149,41
68648,48.0637904,7.7808696,42
68648,48.0638073,7.7813826,43
68648,48.0698931,7.7987239,44
68648,48.072879,7.7993915,45
68648,48.0634064,7.7796394,46
68648,48.0678692,7.7728037,47
68648,48.0680878,7.7723563,48
68648,48.0689072,7.7695915,49
68648,48.0703752,7.7710061,50
68648,48.070629,7.7681543,51
68648,48.0717262,7.762403,52
68648,48.0731242,7.8038536,53
68648,48.0633071,7.803223,54
68648,48.0386056,7.7967794,55
68648,48.0377856,7.7967461,56
68648,48.0634047,7.8032629,57
68648,47.9963498,7.8411094,58
68648,48.0250866,7.8488825,59
69270,48.1196641,7.8479171,0
69270,48.1197856,7.8475942,1
69270,48.0750494,7.8299448,2
69270,48.0835559,7.8112907,3
69270,48.0835888,7.8112232,4
69270,48.065872,7.8487306,5
69270,48.0656081,7.8488961,6
69270,48.0614108,7.8529203,7
69270,48.0613257,7.8528707,8
69270,48.1080978,7.854422,9
69270,48.1046499,7.8561626,10
69270,48.104764,7.856243,11
69270,48.1032759,7.8591649,12
69270,48.103337,7.8590275,13
69270,48.1122285,7.8637787,14
69270,48.1116267,7.8646209,15
69270,48.1067182,7.8636057,16
69270,48.1067248,7.8633831,17
69270,48.1036206,7.864482,18
69270,48.103565,7.8641383,19
69270,48.0825652,7.8208043,20
69270,48.0826345,7.8206819,21
69270,48.0748357,7.8236189,22
69270,48.0798395,7.8114047,23
69270,48.079865,7.8113507,24
69270,48.0834033,7.8126945,25
69270,48.0817429,7.8253177,26
69270,48.081748,7.8250955,27
69270,48.0826232,7.8275219,28
69270,48.0848026,7.8301104,29
69270,48.0380211,7.8649793,30
69270,48.0406606,7.8659458,31
69270,48.0429379,7.8660073,32
69270,48.0459665,7.8643254,33
69270,48.0215121,7.8518285,34
69270,48.0350149,7.8630231,35
69270,48.0749487,7.8298704,36
69270,48.1121782,7.8530847,37
69270,48.1102115,7.853634,38
69270,48.1147226,7.8527837,39
69270,48.0329523,7.8600847,40
69270,48.0193421,7.8557301,41
69270,48.032554,7.8604337,42
69270,48.0193415,7.8570376,43
69270,48.0110597,7.8540648,44
69270,48.0108366,7.8538438,45
69270,48.0058868,7.8500231,46
69270,48.0055485,7.8497119,47
69270,48.001955,7.8459558,48
69270,48.0012015,7.8452921,49
69270,48.1009223,7.8537848,50
69270,48.1003331,7.8541421,51
69270,48.0986446,7.856103,52
69270,48.0983352,7.8567295,53
69270,48.0952377,7.8594353,54
69270,48.0957439,7.8592293,55
69270,48.1196852,7.847936,56
69270,48.1152002,7.8577682,57
69270,48.1155918,7.8567085,58
69270,48.0058943,7.849976,59
69270,47.9967687,7.8414494,60
69270,48.0250866,7.8488825,61
69322,48.0430077,7.5802763,0
69322,48.0275372,7.5899931,1
69322,48.0275644,7.5900085,2
69322,48.0138653,7.8075105,3
69322,48.0138367,7.8075165,4
69322,48.0356784,7.5908414,5
69347,48.0379428,7.5822633,0
69347,48.032554,7.8604337,1
69347,48.0325278,7.8603016,2
69347,48.0350149,7.8630231,3
69347,48.0350763,7.8633218,4
69347,48.0274914,7.8460983,5
69347,48.0275228,7.8461577,6
69347,48.0305988,7.8427516,7
69347,48.0306221,7.8428074,8
69347,48.0287453,7.8087889,9
69347,48.0288896,7.8090444,10
69347,48.0289198,7.8088816,11
69347,48.0302429,7.8430033,12
69347,48.0279884,7.8456179,13
69347,48.0279562,7.8455443,14
69347,48.0329293,7.8036669,15
69347,48.0331796,7.8032481,16
69347,48.0329523,7.8600847,17
69347,48.045351,7.6462966,18
69347,48.0448612,7.6468453,19
69347,48.0513957,7.6809407,20
69347,48.0477864,7.7848099,21
69347,48.0479733,7.7848446,22
69347,48.0505038,7.7830042,23
69347,48.0502771,7.7832025,24
69347,48.0556647,7.7802389,25
69347,48.0552927,7.7804459,26
69347,48.058375,7.7763468,27
69347,48.0580527,7.7758185,28
69347,48.0386056,7.7967794,29
69347,48.0377856,7.7967461,30
69347,48.0352899,7.6010595,31
69347,48.0354283,7.6012097,32
69347,48.0495439,7.726576,33
69347,48.0502086,7.7275523,34
69347,48.0509688,7.7319951,35
69347,48.0511509,7.7321879,36
69347,48.027434,7.5898027,37
69347,48.0209809,7.5792503,38
69347,48.0209763,7.5795674,39
69347,48.0161688,7.5537979,40
69347,48.0162588,7.553799,41
69347,48.0164982,7.5487376,42
69347,48.016553,7.5485019,43
69347,48.0141163,7.5403004,44
69347,48.0141894,7.540055,45
69347,48.0276647,7.5015991,46
69347,48.0277557,7.5014144,47
69347,48.0250866,7.8488825,48
69672,48.1463473,7.9776559,0
69672,48.1470887,7.9774433,1
69672,48.1565316,7.9764326,2
69672,48.1565094,7.9766224,3
69672,48.15224,7.9791601,4
69672,48.1521215,7.979205,5
69672,48.1370929,7.97895,6
69672,48.1373402,7.9788534,7
69672,48.1332646,7.9860057,8
69672,48.1331813,7.9860222,9
69672,48.1314032,7.9889084,10
69672,48.1310387,7.988964,11
69672,48.1237955,7.9922526,12
69672,48.124049,7.9922324,13
69672,48.1168117,7.991924,14
69672,48.1104068,7.9793012,15
69672,48.1102857,7.9792078,16
69672,48.1079059,7.9749262,17
69672,48.1074617,7.9742879,18
69672,48.1089695,7.9737159,19
69672,48.1088948,7.9737316,20
69672,48.1064872,7.9643127,21
69672,48.1064234,7.9643611,22
69672,48.1085414,7.9622807,23
69672,48.1078575,7.9672357,24
69672,48.1077837,7.9675847,25
69672,48.1125042,7.9832923,26
69672,48.1121954,7.9826207,27
69672,48.1012932,7.9720254,28
69672,48.1016834,7.9727161,29
69672,48.0975282,7.9658156,30
69672,48.0976545,7.9657808,31
69672,48.0953821,7.9574865,32
69672,48.0954581,7.9573774,33
69672,48.0954818,7.9573194,34
69672,48.0930205,7.958023,35
69672,48.092529,7.9575602,36
69672,48.0923566,7.9573234,37
69672,48.0902658,7.9510957,38
69672,48.0900784,7.9506631,39
69672,48.0876435,7.9470419,40
69672,48.0870402,7.9466749,41
69672,48.0892174,7.9394636,42
69672,48.0892495,7.9408274,43
69672,48.0863695,7.9355656,44
69672,48.0863254,7.9355965,45
69672,48.0828295,7.931685,46
69672,48.0828044,7.9323019,47
69672,48.0821043,7.9308145,48
69672,48.0821267,7.9305865,49
69672,48.0802252,7.9210766,50
69672,48.0801679,7.9212018,51
69672,48.0810235,7.9168474,52
69672,48.0809192,7.9168487,53
69672,48.0753608,7.9243551,54
69672,48.075662,7.9249332,55
69672,48.0750341,7.9247324,56
69672,48.0682064,7.9027323,57
69672,48.0694342,7.8971035,58
69672,48.0696793,7.8968783,59
69672,48.0697245,7.8966898,60
69672,48.0697668,7.8964873,61
69672,48.0695984,7.8972194,62
69672,48.0693817,7.8889368,63
69672,48.0694941,7.8891209,64
69672,48.0705958,7.8913003,65
69672,48.0704174,7.8915069,66
69672,48.0708325,7.8914635,67
69672,48.0710625,7.8916105,68
69672,48.0680341,7.8852888,69
69672,48.0649075,7.8908378,70
69672,48.0700669,7.9067079,71
69672,48.0700635,7.9064744,72
69672,48.0729521,7.9081775,73
69672,48.0730335,7.9078349,74
69672,48.0734757,7.9006868,75
69672,48.0734426,7.8998986,76
69672,48.0329523,7.8600847,77
69672,48.0213946,7.8518564,78
69672,48.0215121,7.8518285,79
69672,48.0350149,7.8630231,80
69672,47.9961614,7.8409565,81
69672,48.0193415,7.8570376,82
69672,48.0193421,7.8557301,83
69672,48.0325278,7.8603016,84
69672,48.1730512,8.0697056,85
69672,48.0110597,7.8540648,86
69672,48.0108366,7.8538438,87
69672,48.0058868,7.8500231,88
69672,48.0055485,7.8497119,89
69672,48.001955,7.8459558,90
69672,48.0012015,7.8452921,91
69672,48.070175,7.8718707,92
69672,48.069983,7.8754546,93
69672,48.072754,7.8783065,94
69672,48.0693355,7.8824491,95
69672,48.1278608,8.0010184,96
69672,48.1286983,8.002181,97
69672,48.1250177,8.0036631,98
69672,48.1229282,7.9944896,99
69672,48.1231579,7.992152,100
69672,48.161323,7.9743338,101
69672,48.0709241,7.9282157,102
69672,48.117012,7.9863859,103
69672,48.1172064,7.9864925,104
69672,48.1171408,7.9872898,105
69672,48.0935733,7.9605055,106
69672,48.0940682,7.960912,107
69672,48.092877,7.9541544,108
69672,48.0930383,7.9539827,109
69672,48.0937405,7.9537628,110
69672,48.1047449,7.9725442,111
69672,48.1052553,7.9722269,112
69672,48.1064903,7.9691726,113
69672,48.1062189,7.9680673,114
69672,48.0250866,7.8488825,115
69742,47.9841926,7.7958945,0
69742,47.9840433,7.7956492,1
69742,47.982982,7.8074084,2
69742,47.9824754,7.8044671,3
69742,47.9825194,7.8044505,4
69742,47.9824146,7.8023111,5
69742,47.9800071,7.7973207,6
69742,47.9808326,7.7948941,7
69742,47.9808292,7.7949482,8
69742,47.9841626,7.7958368,9
69742,47.9840676,7.7956837,10
69742,47.9815021,7.7956105,11
69742,47.98145,7.7956488,12
69742,47.9822156,7.7986342,13
69742,47.9823951,7.8039986,14
69742,47.9829114,7.8076367,15
69742,47.9979298,7.8316049,16
69742,47.9979548,7.8316311,17
69742,47.996692,7.829931,18
69742,47.9966745,7.8299946,19
69742,47.9952504,7.8338171,20
69742,47.9949826,7.8327214,21
69742,47.9953169,7.8336657,22
69742,47.9931763,7.8309991,23
69742,47.9932028,7.8311006,24
69742,47.9947947,7.8264333,25
69742,47.9948339,7.8264512,26
69742,47.9972226,7.8214093,27
69742,47.9977513,7.8180458,28
69742,47.9971555,7.8213433,29
69742,47.9955642,7.8248784,30
69742,47.9935466,7.8219337,31
69742,47.9906806,7.8201165,32
69742,47.9907343,7.8199891,33
69742,47.9873366,7.8178399,34
69742,47.9882521,7.8136406,35
69742,47.9859084,7.811312,36
69742,47.9984134,7.8362004,37
69742,48.0005276,7.8378367,38
69742,48.0005573,7.8377432,39
69742,48.0014032,7.8385176,40
69742,47.9984635,7.8360715,41
69742,47.9885084,7.7957975,42
69742,47.9880352,7.796113,43
69742,47.9873404,7.8016195,44
69742,47.987482,7.8011322,45
69742,48.0016087,7.8420369,46
69742,48.0015167,7.841955,47
69742,47.9858115,7.8114577,48
69742,47.9880463,7.8140596,49
69742,47.9876526,7.8185426,50
69742,47.9907396,7.8201288,51
69742,47.9907059,7.8202209,52
69742,47.9936103,7.8220938,53
69742,47.9948538,7.8262192,54
69742,47.9948062,7.8261733,55
69742,47.9935342,7.830209,56
69742,47.9934908,7.8301578,57
69742,47.9949815,7.8337102,58
69742,47.9949599,7.8337635,59
69742,47.9950353,7.8329079,60
69742,47.9963883,7.8300863,61
69742,47.996407,7.8301055,62
69742,47.9979823,7.8314201,63
69742,47.9979548,7.8313878,64
69742,47.9980348,7.8359086,65
69742,47.9979966,7.8360131,66
69742,48.001418,7.8384232,67
69742,47.9950243,7.8335882,68
69742,47.996407,7.8301055,69
69742,47.9979548,7.8313878,70
69742,47.9979548,7.8316311,71
69742,47.996692,7.829931,72
69742,48.000216,7.8435025,73
69751,48.0350763,7.8633218,0
69751,48.0350149,7.8630231,1
69751,48.0325278,7.8603016,2
69751,48.032554,7.8604337,3
69751,48.0329523,7.8600847,4
69751,48.0302429,7.8430033,5
69751,48.0279884,7.8456179,6
69751,48.0279562,7.8455443,7
69751,48.0274914,7.8460983,8
69751,48.0275228,7.8461577,9
69751,48.0305988,7.8427516,10
69751,48.0306221,7.8428074,11
69751,48.0476135,7.7850383,12
69751,48.0385315,7.8155493,13
69751,48.0384982,7.8154279,14
69751,48.0414045,7.8136771,15
69751,48.0412072,7.8136449,16
69751,48.0457228,7.802054,17
69751,48.0480255,7.8071026,18
69751,48.0493375,7.8023048,19
69751,48.0250866,7.8488825,20
69751,48.0304569,7.8509752,21
69751,48.0328196,7.849483,22
69754,48.0242874,7.8146373,0
69754,48.002119,7.8207102,1
69754,48.0065074,7.8267719,2
69754,48.0065863,7.8267431,3
69754,48.0272648,7.8119026,4
69754,48.0270102,7.8120853,5
69754,48.0288896,7.8090444,6
69754,48.0386142,7.7967367,7
69754,48.0329433,7.8036821,8
69754,48.0329293,7.8036669,9
69754,48.0331796,7.8032481,10
69754,48.0095711,7.8313139,11
69754,48.0096848,7.8315986,12
69754,48.0287453,7.8087889,13
69754,48.0289198,7.8088816,14
69754,48.0181923,7.8181793,15
69754,48.0182314,7.8182121,16
69754,48.0181515,7.8183599,17
69754,48.0181947,7.8184301,18
69754,48.0237612,7.8136197,19
69754,48.0173031,7.8199231,20
69754,48.015806,7.8227432,21
69754,48.0154,7.8231143,22
69754,48.0154438,7.8231623,23
69754,48.0157503,7.8226377,24
69754,48.0134287,7.8262852,25
69754,48.0133519,7.8261837,26
69754,48.0138637,7.8256749,27
69754,48.0139086,7.8257702,28
69754,48.011476,7.8295315,29
69754,48.0115002,7.8295512,30
69754,48.0111063,7.830097,31
69754,48.0111244,7.8301448,32
69754,48.0386056,7.7967794,33
69754,48.0377856,7.7967461,34
69754,48.0384982,7.8154279,35
69754,48.0385315,7.8155493,36
69754,48.0414045,7.8136771,37
69754,48.0412072,7.8136449,38
69754,48.0374562,7.8128524,39
69754,48.0369013,7.810496,40
69754,48.0352693,7.8093121,41
69754,48.0457228,7.802054,42
69754,48.0461614,7.8020269,43
69754,48.0460209,7.8027961,44
69754,48.0472252,7.8069126,45
69754,48.0474368,7.8070467,46
69754,48.0480255,7.8071026,47
69754,48.0498288,7.8020498,48
69754,48.0496495,7.8017574,49
69754,48.0527029,7.8024977,50
69754,48.0529397,7.8021652,51
69754,48.052245,7.7992219,52
69754,48.0568336,7.8085917,53
69754,48.0511415,7.7966167,54
69914,48.0360869,7.7617016,0
69914,48.0360834,7.7617266,1
69914,48.0355636,7.7615203,2
69914,48.0355795,7.7614272,3
69914,48.0139137,7.8076803,4
69914,48.0138828,7.8076992,5
69914,47.9881416,7.7960268,6
69914,47.9893795,7.7893808,7
69914,47.9892547,7.7892132,8
69914,47.99502,7.7881756,9
69914,47.9949657,7.7881839,10
69914,47.9967848,7.7897236,11
69914,47.9994396,7.7908945,12
69914,47.9954593,7.7890322,13
69914,47.9935225,7.7886172,14
69914,47.9990489,7.7278887,15
69914,47.9989795,7.7276832,16
69914,47.9983185,7.7402388,17
69914,47.9982896,7.7401551,18
69914,48.00017,7.7154153,19
69914,47.9981234,7.7411426,20
69914,47.9981733,7.7411939,21
69914,47.9991194,7.7263757,22
69914,47.9991692,7.7263926,23
69914,48.0144123,7.804441,24
69914,48.0141791,7.804728,25
69914,48.0167394,7.7988181,26
69914,48.0167806,7.7992461,27
69914,47.9893067,7.7893119,28
69914,48.023736,7.7243895,29
69914,48.0318307,7.7624166,30
69914,48.0318624,7.7624757,31
69914,48.0316215,7.7628938,32
69914,48.0315984,7.7628738,33
69914,48.0308349,7.7610767,34
69914,48.0308507,7.7610087,35
69914,48.0306382,7.7610941,36
69914,48.0306753,7.7611663,37
69914,48.0288722,7.7583044,38
69914,48.0288316,7.7583308,39
69914,48.0288915,7.7584302,40
69914,48.0289371,7.758411,41
69914,48.0415359,7.7626331,42
69914,48.04353,7.7647842,43
69914,48.0311048,7.7680251,44
69914,48.0309081,7.7680741,45
69914,47.9930863,7.7887031,46
69914,47.997397,7.7127433,47
69914,47.997221,7.7128331,48
69914,48.0221099,7.7199918,49
69914,48.023512,7.7193122,50
69915,47.9879435,7.7961578,0
69915,47.9893795,7.7893808,1
69915,47.9892547,7.7892132,2
69915,47.9930863,7.7887031,3
69915,47.9954593,7.7890322,4
69915,47.9967848,7.7897236,5
69915,47.9994396,7.7908945,6
69915,47.9788866,7.7075273,7
69915,47.9676479,7.6956107,8
69915,47.9677547,7.6955392,9
69915,47.9728397,7.7012038,10
69915,47.9727626,7.7010157,11
69915,47.987853,7.7161214,12
69915,47.9882666,7.7155035,13
69915,47.9825212,7.7188633,14
69915,47.9690814,7.6994147,15
69915,47.9690613,7.7003215,16
69915,47.9822454,7.7156275,17
69915,47.9822914,7.7156017,18
69915,47.9826821,7.7189405,19
69915,47.9981234,7.7411426,20
69915,47.9981733,7.7411939,21
69915,47.9991194,7.7263757,22
69915,47.9991692,7.7263926,23
69915,47.9990489,7.7278887,24
69915,47.9989795,7.7276832,25
69915,47.9983185,7.7402388,26
69915,47.9982896,7.7401551,27
69915,47.9999353,7.7177906,28
69915,48.0000205,7.7177303,29
69915,48.00017,7.7154153,30
69915,47.9893067,7.7893119,31
69915,47.9901622,7.7170742,32
69915,47.9905873,7.7176235,33
69915,47.9789763,7.7077447,34
69915,47.99502,7.7881756,35
69915,47.9949657,7.7881839,36
69915,47.9935225,7.7886172,37
69915,47.997397,7.7127433,38
69915,47.997221,7.7128331,39
69916,47.9832305,7.7795208,0
69916,47.9832089,7.7795686,1
69916,47.983198,7.7794912,2
69916,47.983207,7.7794527,3
69916,47.9882177,7.7959573,4
69916,47.9788866,7.7075273,5
69916,47.9840955,7.7663367,6
69916,47.9839043,7.7660555,7
69916,47.9676479,7.6956107,8
69916,47.9677547,7.6955392,9
69916,47.9728397,7.7012038,10
69916,47.9727626,7.7010157,11
69916,47.987853,7.7161214,12
69916,47.987853,7.7154005,13
69916,47.98298,7.7146209,14
69916,47.9827532,7.7145417,15
69916,47.9825212,7.7188633,16
69916,47.9826821,7.7189405,17
69916,47.9690613,7.7003215,18
69916,47.9690814,7.6994147,19
69916,47.9789763,7.7077447,20
69936,48.0144123,7.804441,0
69936,48.0141791,7.804728,1
69936,48.0167394,7.7988181,2
69936,48.0167806,7.7992461,3
69936,48.0318307,7.7624166,4
69936,48.0318624,7.7624757,5
69936,48.0316215,7.7628938,6
69936,48.0315984,7.7628738,7
69936,48.0308349,7.7610767,8
69936,48.0308507,7.7610087,9
69936,48.0306382,7.7610941,10
69936,48.0306753,7.7611663,11
69936,48.0288722,7.7583044,12
69936,48.0288316,7.7583308,13
69936,48.0288915,7.7584302,14
69936,48.0289371,7.758411,15
69936,48.0139137,7.8076803,16
69936,48.0138828,7.8076992,17
69936,47.9796246,7.6600763,18
69936,47.9790015,7.6619024,19
69936,47.9849742,7.6680469,20
69936,48.023736,7.7243895,21
69936,48.0311048,7.7680251,22
69936,48.0309081,7.7680741,23
69936,47.9802567,7.6643377,24
69936,48.0221099,7.7199918,25
69936,48.023512,7.7193122,26
69936,48.0234635,7.719223,27
69936,47.9861666,7.6712775,28
69936,48.0113362,7.6414795,29
69936,48.0112599,7.6414232,30
69936,48.0157593,7.6418492,31
69936,48.015703,7.6418285,32
69936,48.0143876,7.6387169,33
69936,48.0143171,7.6386808,34
69936,48.0116287,7.6374708,35
69936,48.0116415,7.6373362,36
69936,48.0141007,7.6393838,37
69936,48.0141325,7.6394079,38
69936,48.0156677,7.6418054,39
69936,48.015703,7.6418285,40
69936,48.0111775,7.6413916,41
69936,48.0112599,7.6414232,42
69937,48.0138367,7.8075165,0
69937,48.0144123,7.804441,1
69937,48.0141791,7.804728,2
69937,48.0167394,7.7988181,3
69937,48.0167806,7.7992461,4
69937,48.0084244,7.7821227,5
69937,48.0159483,7.7766137,6
69937,48.0135012,7.791892,7
69937,48.0135405,7.7920901,8
69998,47.9961103,7.8414298,0
69998,47.9988508,7.8464651,1
69998,47.9989415,7.8463482,2
69998,47.9961254,7.8413673,3
69998,47.9975745,7.8548586,4
69998,47.9977651,7.8562885,5
69998,47.9977496,7.8563678,6
69998,48.0007964,7.8587666,7
69998,48.000777,7.8588523,8
69998,48.0026363,7.8602775,9
69998,48.0025938,7.8603188,10
69998,48.0047175,7.8629252,11
69998,48.0047128,7.863049,12
69998,48.0066008,7.8632957,13
69998,48.0065979,7.8633375,14
69998,48.0095176,7.8628,15
69998,48.0095154,7.8628719,16
69998,48.0112207,7.863088,17
69998,48.011225,7.8630576,18
70035,48.03717,7.8637315,0
70035,48.0451108,7.8624002,1
70035,48.0483882,7.86473,2
70035,48.0459665,7.8643254,3
70035,48.0429379,7.8660073,4
70035,48.0350763,7.8633218,5
70035,48.0379146,7.8647678,6
70035,48.0398121,7.8650417,7
70035,48.0422473,7.8676271,8
70035,48.0392429,7.8708058,9
70035,48.0348587,7.8766094,10
70035,48.0315314,7.8717443,11
70035,48.0292392,7.8659855,12
70035,48.0262286,7.8603816,13
70035,48.0250326,7.8635152,14
70036,48.0474038,7.8659467,0
70036,48.0350763,7.8633218,1
70036,48.042746,7.8674922,2
70036,48.0466333,7.8704276,3
70036,48.0451268,7.870212,4
70036,48.0459665,7.8643254,5
70036,48.0429379,7.8660073,6
70036,48.0380211,7.8649793,7
70036,48.0398121,7.8650417,8
70036,48.0406606,7.8659458,9
70036,48.0379146,7.8647678,10
70036,48.0462551,7.8768217,11
70036,48.0441127,7.8782174,12
70036,48.0477381,7.8708806,13
70036,48.0438866,7.8745589,14
70042,47.9505146,7.9118136,0
70042,47.955994,7.9127639,1
70042,47.9585631,7.9111156,2
70042,47.962717,7.9094671,3
70042,47.9647215,7.9084135,4
70042,47.9664732,7.9091379,5
70042,47.9712343,7.9108971,6
70042,47.975433,7.9152758,7
70042,47.9770187,7.9106841,8
70042,47.9772615,7.9071989,9
70042,47.9777856,7.9035335,10
70042,47.9785445,7.9001453,11
70042,47.9789732,7.8966544,12
70042,47.9812731,7.8945962,13
70042,47.9846135,7.8937918,14
70042,47.9845383,7.8937864,15
70042,47.98137,7.8943937,16
70042,47.9785031,7.8984315,17
70042,47.9778457,7.90223,18
70042,47.9771585,7.9065887,19
70042,47.9771282,7.911003,20
70042,47.9757466,7.9154358,21
70042,47.9709012,7.9107065,22
70042,47.9650828,7.9082089,23
70042,47.9670713,7.9093417,24
70042,47.9626183,7.909261,25
70042,47.9587624,7.9109664,26
70042,47.9560664,7.912695,27
70042,47.9518727,7.9122316,28
70042,47.9650879,7.9082523,29
70043,47.9896434,7.9153001,0
70043,47.9893181,7.9108972,1
70043,47.9883244,7.9058574,2
70043,47.9868969,7.9037592,3
70043,47.9873796,7.8980895,4
70043,47.9866664,7.8957907,5
70043,47.9846135,7.8937918,6
70043,47.9845383,7.8937864,7
70043,47.9864713,7.8958549,8
70043,47.9873007,7.8981794,9
70043,47.9844056,7.9047745,10
70043,47.9868287,7.9049072,11
70043,47.9884775,7.9067072,12
70043,47.9892892,7.9110191,13
70043,47.9861359,7.9043131,14
70045,47.9908256,7.8533399,0
70045,47.9908618,7.8533084,1
70045,47.9879652,7.8762978,2
70045,47.9877071,7.8937636,3
70045,47.9844411,7.8937807,4
70045,47.9873007,7.8981794,5
70045,47.9863759,7.9052429,6
70045,47.9966974,7.8411224,7
70045,47.9837598,7.9538093,8
70045,47.9835646,7.9538009,9
70045,47.9624722,8.0027994,10
70045,47.9610118,8.0085476,11
70045,47.9613109,7.9923387,12
70045,47.9647595,7.9955936,13
70045,47.9592117,7.9916969,14
70045,47.9612629,7.9920539,15
70045,47.9610307,8.0085822,16
70045,47.9611245,8.0084089,17
70045,47.9643496,7.9553635,18
70045,47.9862637,8.007416,19
70045,47.9846839,8.007101,20
70045,47.979531,8.0064792,21
70045,47.9797258,8.0064416,22
70045,47.9728645,7.9952776,23
70045,47.9729028,7.9949211,24
70045,47.9716443,7.9840456,25
70045,47.971467,7.9832247,26
70045,47.9697912,7.9682397,27
70045,47.969734,7.9683351,28
70045,47.9625606,8.0033998,29
70045,47.9868969,7.9037592,30
70045,47.9873796,7.8980895,31
70045,47.9875981,7.8943503,32
70045,47.9882193,7.8770743,33
70045,47.9902825,7.8533538,34
70045,47.9902196,7.8534057,35
70045,47.9808201,7.9635883,36
70045,47.9965277,8.0626172,37
70045,47.9965263,8.0625133,38
70045,47.9944687,8.0511522,39
70045,47.9943641,8.051397,40
70045,47.975994,8.037323,41
70045,47.9760447,8.0372507,42
70045,47.9845301,8.0462932,43
70045,47.9902927,8.0459852,44
70045,47.9905148,8.0459223,45
70045,47.9998922,8.0676827,46
70045,47.9999643,8.0676496,47
70045,48.0018612,8.0720437,48
70045,48.0019221,8.0720001,49
70045,47.9992158,8.0824502,50
70045,47.9990284,8.0832049,51
70045,48.0027336,8.0935708,52
70045,47.9685132,8.0285082,53
70052,47.9831434,7.9596383,0
70052,47.9844411,7.8937807,1
70052,47.982322,7.8985948,2
70052,47.9813011,7.9020192,3
70052,47.9808879,7.9042573,4
70052,47.9757466,7.9154358,5
70052,47.98137,7.8943937,6
70052,47.9785031,7.8984315,7
70052,47.9778457,7.90223,8
70052,47.9771585,7.9065887,9
70052,47.9771282,7.911003,10
70052,47.9041006,7.9171196,11
70052,47.9758033,7.9520287,12
70052,47.9643496,7.9553635,13
70052,47.9590408,7.9546271,14
70052,47.9421323,7.9725619,15
70052,47.9410227,7.9634623,16
70052,47.9630498,7.9380271,17
70052,47.9649269,7.9307512,18
70052,47.9649742,7.930772,19
70052,47.9630771,7.9380521,20
70052,47.9692014,7.9266365,21
70052,47.969317,7.9265609,22
70052,47.972658,7.9209359,23
70052,47.9707159,7.9246579,24
70052,47.9706743,7.9245569,25
70052,47.9726112,7.9208992,26
70052,47.9756738,7.9159436,27
70052,47.9591423,7.9545655,28
70052,47.981165,7.9031728,29
70052,47.9817132,7.9003044,30
70052,47.9770187,7.9106841,31
70052,47.9772615,7.9071989,32
70052,47.9777856,7.9035335,33
70052,47.9785445,7.9001453,34
70052,47.9789732,7.8966544,35
70052,47.9812731,7.8945962,36
70052,47.9740287,7.920099,37
70052,47.9735341,7.9213738,38
70052,47.9142739,7.9960933,39
70052,47.914256,7.9960021,40
70052,47.8943297,7.9509167,41
70052,47.8993486,7.9398534,42
70052,47.8992621,7.9397836,43
70052,47.9035156,7.9316456,44
70052,47.9343618,7.9636676,45
70052,47.934311,7.9635917,46
70052,47.9302515,7.9729564,47
70052,47.9309793,7.9724644,48
70052,47.9241986,7.9855328,49
70052,47.9239035,7.9855893,50
70052,47.9335425,7.9528724,51
70052,47.9343984,7.9532101,52
70052,47.9347035,7.9532527,53
70052,47.9352998,7.9535286,54
70052,47.9320324,7.9478099,55
70329,47.9362476,7.8652292,0
70329,47.9398639,7.8674457,1
70329,47.939873,7.8673976,2
70329,47.9469654,7.8672447,3
70329,47.9468629,7.8671641,4
70329,47.9502336,7.8656659,5
70329,47.9504372,7.8656158,6
70329,47.9572022,7.8637505,7
70329,47.9571967,7.8636366,8
70329,47.9646073,7.8580156,9
70329,47.9430166,7.8572848,10
70329,47.9430435,7.8574001,11
70329,47.9388661,7.8630881,12
70329,47.9387819,7.8632531,13
70329,47.9352161,7.8583819,14
70369,48.0726583,7.3465098,0
70369,48.0800152,7.3681577,1
70369,48.0800755,7.3681734,2
70369,48.0209763,7.5795674,3
70369,48.0209809,7.5792503,4
70369,48.0175596,7.527325,5
70369,48.0161688,7.5537979,6
70369,48.0162588,7.553799,7
70369,48.016553,7.5485019,8
70369,48.0164982,7.5487376,9
70369,48.0141894,7.540055,10
70369,48.0141163,7.5403004,11
70369,48.0659451,7.4144318,12
70369,48.0656838,7.4146965,13
70369,48.0646321,7.4168937,14
70369,48.063668,7.4183444,15
70369,48.0611543,7.4206541,16
70369,48.0614711,7.4195899,17
70369,48.0276647,7.5015991,18
70369,48.0277557,7.5014144,19
70369,48.0720207,7.3469267,20
70369,48.0809178,7.3942788,21
70369,48.0813729,7.3925735,22
70369,48.0798055,7.3545648,23
70369,48.0804486,7.3548462,24
70369,48.027434,7.5898027,25
71150,48.0360869,7.7617016,0
71150,48.0360834,7.7617266,1
71150,48.0355795,7.7614272,2
71150,48.0355636,7.7615203,3
71150,48.0293721,7.7709375,4
71150,48.0292859,7.7718631,5
71150,48.0278216,7.7755935,6
71150,48.0614108,7.8529203,7
71150,48.0612831,7.8527995,8
71150,48.0613257,7.8528707,9
71150,48.0656086,7.8488459,10
71150,48.0656081,7.8488961,11
71150,48.065872,7.8487306,12
71150,48.0750494,7.8299448,13
71150,48.0749487,7.8298704,14
71150,48.0749439,7.8298073,15
71150,48.0817054,7.8244652,16
71150,48.0817332,7.8244539,17
71150,48.081748,7.8250955,18
71150,48.0817429,7.8253177,19
71150,48.0826062,7.820836,20
71150,48.0826829,7.8207037,21
71150,48.0825652,7.8208043,22
71150,48.0826345,7.8206819,23
71150,48.0834033,7.8126945,24
71150,48.0835162,7.8123093,25
71150,48.0835554,7.8123603,26
71150,48.0809993,7.8114656,27
71150,48.0798395,7.8114047,28
71150,48.079865,7.8113507,29
71150,48.0477864,7.7848099,30
71150,48.0318307,7.7624166,31
71150,48.0318624,7.7624757,32
71150,48.0316215,7.7628938,33
71150,48.0315984,7.7628738,34
71150,48.0311048,7.7680251,35
71150,48.0310502,7.7679746,36
71150,48.0309664,7.7680174,37
71150,48.0309081,7.7680741,38
71150,48.0348084,7.881124,39
71150,48.0630272,7.7795182,40
71150,48.0294177,7.7709054,41
71150,48.0292369,7.7718146,42
71150,48.0505038,7.7830042,43
71150,48.0502771,7.7832025,44
71150,48.0556647,7.7802389,45
71150,48.0552927,7.7804459,46
71150,48.0601183,7.7792484,47
71150,48.0604728,7.7790149,48
71150,48.0637904,7.7808696,49
71150,48.0638073,7.7813826,50
71150,48.0478074,7.7850541,51
71150,48.0697988,7.7988088,52
71150,48.0698931,7.7987239,53
71150,48.0634064,7.7796394,54
71150,48.0678692,7.7728037,55
71150,48.0680878,7.7723563,56
71150,48.0689072,7.7695915,57
71150,48.0703752,7.7710061,58
71150,48.070629,7.7681543,59
71150,48.0408163,7.871106,60
71150,48.0748357,7.8236189,61
71919,47.901917,7.6269982,0
71919,47.879475,7.6463622,1
71919,47.9590271,7.7121001,2
71919,47.9137659,7.7039401,3
71919,47.9362183,7.6880438,4
71919,47.9013637,7.6321277,5
71919,47.9024645,7.6358789,6
71919,47.8954191,7.6225159,7
71919,47.9255968,7.6832979,8
71919,47.9405932,7.6857941,9
71919,47.9552082,7.6713302,10
71919,47.9548573,7.6713598,11
71919,47.9550237,7.6717894,12
71919,47.9591404,7.7119173,13
71919,47.9405443,7.6850073,14
71919,47.9333766,7.683635,15
71919,47.9384883,7.6909588,16
71919,47.9167277,7.6243747,17
71919,47.9676479,7.6956107,18
71919,47.9675291,7.6957541,19
71919,47.9678892,7.6992362,20
71919,47.9679675,7.6990893,21
71919,47.9382113,7.691894,22
71919,47.9336895,7.6248018,23
71919,47.9365772,7.6281323,24
71919,47.9366651,7.6279919,25
71919,47.9195569,7.6970296,26
71919,47.9362089,7.6485849,27
71919,47.9361391,7.6486461,28
72507,48.0345273,7.5837986,0
72507,48.0340229,7.5833162,1
72507,48.0316894,7.5850289,2
72507,48.0299793,7.5832618,3
72507,48.029555,7.5830832,4
72507,48.0282027,7.582077,5
72507,48.0268667,7.5815576,6
72507,48.029864,7.5928372,7
72507,48.0297172,7.5931227,8
72507,48.0322719,7.5907299,9
72507,48.0353108,7.5876631,10
72507,48.0355269,7.5864508,11
72507,48.0321935,7.5907194,12
72535,48.0596087,7.6083537,0
72535,48.0354283,7.6012097,1
72535,48.0352899,7.6010595,2
72535,48.0962232,7.660122,3
72535,48.0944374,7.6525708,4
72535,48.0894154,7.6433547,5
72535,48.0892301,7.6430895,6
72535,48.0889626,7.6385892,7
72535,48.0892255,7.6390001,8
72535,48.0792278,7.6431944,9
72535,48.0278334,7.5905114,10
72535,48.0895013,7.6209054,11
72535,48.0848281,7.6128402,12
72535,48.0888265,7.6301172,13
72535,48.0890018,7.6336811,14
72535,48.0356784,7.5908414,15
74928,47.9552082,7.6713302,0
74928,47.9548573,7.6713598,1
74928,47.9167277,7.6243747,2
74928,47.9796246,7.6600763,3
74928,47.9790015,7.6619024,4
74928,47.9336895,7.6248018,5
74928,47.9365772,7.6281323,6
74928,47.9366651,7.6279919,7
74928,47.9362089,7.6485849,8
74928,47.9361391,7.6486461,9
74932,48.0141007,7.6393838,0
74932,48.0141325,7.6394079,1
74932,48.0144582,7.6402419,2
74932,48.0144843,7.6401658,3
74932,48.0356784,7.5908414,4
74932,48.045351,7.6462966,5
74932,48.0448612,7.6468453,6
74932,47.9796246,7.6600763,7
74932,47.9790015,7.6619024,8
74932,47.9844638,7.6712396,9
74932,47.9861666,7.6712775,10
77647,48.0318307,7.7624166,0
77647,48.0318624,7.7624757,1
77647,48.0239058,7.7246467,2
77721,48.1241993,7.8382387,0
77721,48.1224151,7.8455488,1
77721,48.1223245,7.8462747,2
77721,48.1234623,7.8410596,3
77721,48.1236271,7.8406532,4
77721,48.1241338,7.8386818,5
77721,48.120556,7.8494266,6
77721,48.1206088,7.8494298,7
77721,48.1199697,7.7469743,8
77721,48.1502021,7.7415807,9
77721,48.1501276,7.741512,10
77721,48.1500669,7.7465101,11
77721,48.1501219,7.746576,12
77721,48.1510668,7.7498634,13
77721,48.1506813,7.7502281,14
77721,48.1190355,7.7936061,15
77721,48.1191556,7.7940296,16
77721,48.1214148,7.739178,17
77721,48.1224732,7.7392406,18
77721,48.1200173,7.7469975,19
77721,48.1621278,7.7022072,20
77721,48.1429066,7.6982103,21
77721,48.1428741,7.6984654,22
77721,48.1467215,7.6998093,23
77721,48.1484392,7.7006276,24
77721,48.1643552,7.6527068,25
77721,48.1655207,7.6495041,26
77721,48.1360998,7.6585891,27
77721,48.1431735,7.7088198,28
77721,48.1433224,7.7088713,29
77721,48.128465,7.8284935,30
77721,48.1286285,7.8283867,31
77721,48.0919997,7.7858031,32
77721,48.1199171,7.8473356,33
77721,48.1261894,7.8096189,34
77721,48.1261808,7.8094519,35
77721,48.1287438,7.8123505,36
77721,48.1261684,7.8095,37
120458,48.0350149,7.8630231,0
120458,48.0350763,7.8633218,1
120458,48.0680341,7.8852888,2
120458,48.0681817,7.8851244,3
120458,48.0649075,7.8908378,4
120458,48.064994,7.8908323,5
120458,48.0058943,7.849976,6
120458,48.0215121,7.8518285,7
120458,48.032554,7.8604337,8
120458,48.0329523,7.8600847,9
120458,48.0193421,7.8557301,10
120458,48.0213946,7.8518564,11
120458,48.0110597,7.8540648,12
120458,48.0108366,7.8538438,13
120458,48.0058868,7.8500231,14
120458,48.0055485,7.8497119,15
120458,48.001955,7.8459558,16
120458,48.0012015,7.8452921,17
120458,48.0695281,7.8825222,18
120458,47.9961614,7.8409565,19
120458,48.0108446,7.8537852,20
120458,48.0250866,7.8488825,21
170986,48.0895013,7.6209054,0
170986,48.0848281,7.6128402,1
170986,48.0998929,7.6064841,2
170986,48.1028972,7.6266962,3
170986,48.1028998,7.6267992,4
170986,48.0596087,7.6083537,5
170986,48.0352899,7.6010595,6
170986,48.0354283,7.6012097,7
170986,48.1193292,7.6068707,8
170986,48.1195793,7.6067014,9
170986,48.140597,7.6179456,10
170986,48.1643552,7.6527068,11
170986,48.1655207,7.6495041,12
170986,48.1360998,7.6585891,13
170986,48.1621278,7.7022072,14
170986,48.1484392,7.7006276,15
170986,48.1428741,7.6984654,16
170986,48.1429066,7.6982103,17
170986,48.1431735,7.7088198,18
170986,48.1433224,7.7088713,19
170986,48.1501276,7.741512,20
170986,48.1502021,7.7415807,21
170986,48.1500669,7.7465101,22
170986,48.1501219,7.746576,23
170986,48.1506813,7.7502281,24
170986,48.1510668,7.7498634,25
170986,48.1515944,7.7702684,26
170986,48.0278334,7.5905114,27
171590,47.9211374,7.7391504,0
171590,47.9176676,7.7401004,1
171590,47.9170736,7.740693,2
171590,47.8850963,7.7286901,3
171590,47.8780652,7.7264258,4
171590,47.8868267,7.7250592,5
173118,47.9914955,7.8637067,0
173118,47.9915559,7.8637009,1
173118,47.9919995,7.8734662,2
173118,47.9914863,7.8800637,3
173118,47.9920468,7.8735693,4
173118,47.9916107,7.8636779,5
173118,47.991434,7.8799778,6
318785,48.0919421,7.7858245,0
318785,48.1045854,7.7785284,1
318785,48.1045524,7.7784778,2
318785,48.1046175,7.7786002,3
318785,48.0835554,7.8123603,4
318785,48.0798395,7.8114047,5
318785,48.079865,7.8113507,6
318785,48.0834033,7.8126945,7
318785,48.0835162,7.8123093,8
318785,48.0825652,7.8208043,9
318785,48.0826345,7.8206819,10
318785,48.0826062,7.820836,11
318785,48.0817429,7.8253177,12
318785,48.081748,7.8250955,13
318785,48.0749487,7.8298704,14
318785,48.0656086,7.8488459,15
318785,48.0656081,7.8488961,16
318785,48.065872,7.8487306,17
318785,48.0614108,7.8529203,18
318785,48.0613257,7.8528707,19
318785,48.0612831,7.8527995,20
318785,48.0459665,7.8643254,21
318785,48.0453479,7.8642745,22
318785,48.0429418,7.8657778,23
318785,48.0429379,7.8660073,24
318785,48.0406606,7.8659458,25
318785,48.0398121,7.8650417,26
318785,48.0350763,7.8633218,27
318785,48.0408163,7.871106,28
318785,48.0697988,7.7988088,29
318785,48.0698572,7.7987958,30
318785,48.0380211,7.8649793,31
318785,48.0748357,7.8236189,32
318785,48.0919997,7.7858031,33
318785,48.0379146,7.8647678,34
318785,48.1065437,7.775996,35
334972,47.9211374,7.7391504,0
334972,47.9445653,7.7369133,1
334972,47.9178016,7.7452653,2
334972,47.912694,7.7506238,3
421622,48.0726583,7.3465098,0
421622,48.0659451,7.4144318,1
421622,48.0646321,7.4168937,2
421622,48.063668,7.4183444,3
421622,48.0614711,7.4195899,4
421622,48.0277557,7.5014144,5
421622,48.0276647,7.5015991,6
421622,48.0175596,7.527325,7
421622,48.0214118,7.5357749,8
421622,48.021433,7.5358946,9
421622,48.0161991,7.5433337,10
421622,48.0162645,7.5432492,11
421622,48.0164982,7.5487376,12
421622,48.016553,7.5485019,13
421622,48.007349,7.5716349,14
421622,48.0074462,7.571517,15
421622,48.0109556,7.5715177,16
421622,48.011003,7.5715312,17
421622,48.0133974,7.5691417,18
421622,48.0134827,7.5692138,19
421622,48.0209809,7.5792503,20
421622,48.0209763,7.5795674,21
421622,48.0034808,7.5572432,22
421622,48.0034692,7.5570859,23
421622,47.9894449,7.5555369,24
421622,47.9894017,7.5555414,25
421622,48.0055588,7.5588212,26
421622,48.0055873,7.5586389,27
421622,48.005114,7.5643809,28
421622,48.005209,7.5643029,29
421622,47.9793643,7.5969983,30
421622,47.9794022,7.5972104,31
421622,47.9766328,7.6040123,32
421622,47.9765449,7.6042047,33
421622,48.0809178,7.3942788,34
421622,48.0813729,7.3925735,35
421622,48.0804486,7.3548462,36
421622,48.0656838,7.4146965,37
421622,48.0611543,7.4206541,38
421622,48.0798055,7.3545648,39
421622,48.027434,7.5898027,40
422973,48.0726583,7.3465098,0
422973,48.075655,7.405093,1
422973,48.0754619,7.4051344,2
422973,48.0659451,7.4144318,3
422973,48.0646321,7.4168937,4
422973,48.063668,7.4183444,5
422973,48.0614711,7.4195899,6
422973,48.0611543,7.4206541,7
422973,48.0637571,7.4800651,8
422973,48.0409297,7.5403716,9
422973,48.040839,7.5402727,10
422973,48.0402861,7.5463725,11
422973,48.0394502,7.545563,12
422973,48.0175596,7.527325,13
422973,48.0162588,7.553799,14
422973,48.0161688,7.5537979,15
422973,48.0209809,7.5792503,16
422973,48.0637175,7.4804291,17
422973,48.0809178,7.3942788,18
422973,48.0813729,7.3925735,19
422973,48.0798055,7.3545648,20
422973,48.0656838,7.4146965,21
422973,48.0804486,7.3548462,22
422973,48.027434,7.5898027,23
556304,47.9845383,7.8937864,0
556304,47.9846135,7.8937918,1
556304,47.9823353,7.8986417,2
556304,47.982322,7.8985948,3
556304,47.9813398,7.9020328,4
556304,47.9813011,7.9020192,5
556304,47.9809277,7.904274,6
556304,47.9808879,7.9042573,7
556304,47.9769866,7.9107373,8
556304,47.9770187,7.9106841,9
659834,48.0262286,7.8603816,0
659834,48.0263474,7.8641436,1
659834,48.0300622,7.8663905,2
659834,48.032326,7.8725892,3
659834,48.0341093,7.8768727,4
659834,48.0393408,7.8704958,5
659834,48.0350763,7.8633218,6
659834,48.0380211,7.8649793,7
659834,48.0406606,7.8659458,8
659834,48.0441127,7.8782174,9
659834,48.0428894,7.8679474,10
659834,48.042746,7.8674922,11
659834,48.0451268,7.870212,12
659834,48.0466333,7.8704276,13
659834,48.0460444,7.8704721,14
659834,48.0438866,7.8745589,15
659834,48.0462551,7.8768217,16
1079463,48.028477,7.8091099,0
1079463,48.0237861,7.8120994,1
1079463,48.0182181,7.8115825,2
1079463,48.0136553,7.807664,3
1079463,48.0108597,7.811109,4
1079463,48.0068257,7.8183822,5
1079463,48.0019461,7.8258078,6
1079463,48.0021307,7.825366,7
1079463,47.9999624,7.8319294,8
1079463,48.0001675,7.8314042,9
1079463,47.9979934,7.8365942,10
1079463,47.996499,7.8407312,11
1079463,47.9965918,7.8402708,12
1079463,47.9954363,7.8456854,13
1079463,47.9955893,7.8449744,14
1079463,47.9945961,7.8502033,15
1079463,47.9938769,7.853377,16
1079463,47.993885,7.8533532,17
1079463,47.9907312,7.8542707,18
1079463,47.9892706,7.85866,19
1079463,47.9884279,7.8650611,20
1079463,47.9884641,7.8698833,21
1079463,47.9879188,7.8735642,22
1079463,47.9870651,7.8795739,23
1079463,47.9869969,7.8794524,24
1079463,47.98665,7.8846369,25
1079463,47.9865633,7.8846401,26
1079463,47.9860771,7.8889741,27
1079463,47.9845828,7.8936782,28
1079464,47.9845828,7.8936782,0
1079464,47.9861864,7.8884913,1
1079464,47.9868183,7.883275,2
1079464,47.9868382,7.8834266,3
1079464,47.9870568,7.8781176,4
1079464,47.9871308,7.8782224,5
1079464,47.9880101,7.8730494,6
1079464,47.9885475,7.8693909,7
1079464,47.9883602,7.8644773,8
1079464,47.989435,7.8581175,9
1079464,47.9905784,7.8548107,10
1079464,47.9938828,7.8534107,11
1079464,47.9938795,7.8534362,12
1079464,47.9947126,7.8500194,13
1079464,47.9956151,7.8449824,14
1079464,47.9955312,7.8453828,15
1079464,47.9966889,7.8399465,16
1079464,47.9965923,7.840426,17
1079464,47.9980133,7.8366135,18
1079464,48.000359,7.8310118,19
1079464,48.000135,7.8315748,20
1079464,48.0023485,7.8249974,21
1079464,48.0021112,7.8254727,22
1079464,48.0070042,7.8180205,23
1079464,48.010704,7.8115201,24
1079464,48.013875,7.807871,25
1079464,48.0183758,7.811837,26
1079464,48.0240766,7.8120112,27
1079464,48.0287536,7.8089369,28
1080375,48.0104514,7.8545278,0
1080375,48.0064226,7.855234,1
1080375,48.0027961,7.8545469,2
1080375,48.0155232,7.8545662,3
1080375,47.994501,7.8495345,4
1080375,47.9945264,7.8494868,5
1080375,47.9917909,7.8485127,6
1080375,47.989068,7.8479091,7
1080375,47.9894208,7.8479819,8
1080375,47.9847541,7.8474752,9
1080375,47.9795838,7.8478737,10
1080375,47.9743356,7.8474879,11
1080375,47.9668942,7.8527636,12
1080375,47.9658358,7.8558127,13
1080375,47.96457,7.8577748,14
1080375,48.0035186,7.836305,15
1080375,48.0052651,7.8347532,16
1080376,47.9975276,7.8526403,0
1080376,48.0031015,7.8546399,1
1080376,48.0107656,7.8545506,2
1080376,48.0155232,7.8545662,3
1080376,47.96457,7.8577748,4
1080376,47.9658358,7.8558127,5
1080376,47.9670177,7.8524424,6
1080376,47.9745836,7.8475263,7
1080376,47.9794449,7.8478959,8
1080376,47.9850656,7.8475246,9
1080376,47.9895994,7.8480684,10
1080376,47.9893166,7.8480117,11
1080376,47.9920563,7.8486013,12
1080376,48.0071801,7.8551931,13
1080376,47.9946652,7.8497586,14
1080376,47.9956151,7.8449824,15
1080376,48.0004665,7.833043,16
1104119,47.9764498,7.8179659,0
1104119,47.9752529,7.8227164,1
1104119,47.9740715,7.8279479,2
1104119,47.9786289,7.830965,3
1104119,47.9841432,7.8366469,4
1104119,47.9864233,7.8373911,5
1104119,47.9863191,7.8369735,6
1104119,47.9872988,7.8402984,7
1104119,47.9895994,7.8480684,8
1104119,47.9893166,7.8480117,9
1104119,47.9920563,7.8486013,10
1104119,47.9946652,7.8497586,11
1104119,47.9946631,7.8498145,12
1104119,47.9956151,7.8449824,13
1104119,47.9955312,7.8453828,14
1104119,47.9966889,7.8399465,15
1104119,47.9965923,7.840426,16
1104119,47.9980133,7.8366135,17
1104119,48.000359,7.8310118,18
1104119,48.000135,7.8315748,19
1104119,48.0023485,7.8249974,20
1104119,48.0021112,7.8254727,21
1104119,48.0021199,7.819661,22
1104119,47.9995488,7.8102968,23
1104119,47.9973667,7.8068879,24
1104119,47.9947714,7.8023303,25
1104119,47.9946541,7.8028366,26
1104119,47.9919822,7.7976216,27
1104119,47.9883616,7.7960037,28
1104120,47.9883887,7.7964875,0
1104120,47.9922059,7.7977422,1
1104120,47.9945066,7.8033663,2
1104120,47.9946323,7.8028071,3
1104120,47.9975596,7.8071869,4
1104120,47.9993262,7.809916,5
1104120,48.0022212,7.8200583,6
1104120,48.0019461,7.8258078,7
1104120,48.0021307,7.825366,8
1104120,47.9999624,7.8319294,9
1104120,48.0001675,7.8314042,10
1104120,47.9979934,7.8365942,11
1104120,47.996499,7.8407312,12
1104120,47.9965918,7.8402708,13
1104120,47.9954363,7.8456854,14
1104120,47.9955893,7.8449744,15
1104120,47.994501,7.8495345,16
1104120,47.9945264,7.8494868,17
1104120,47.9917909,7.8485127,18
1104120,47.989068,7.8479091,19
1104120,47.9894208,7.8479819,20
1104120,47.987332,7.8398377,21
1104120,47.9862869,7.8366868,22
1104120,47.9863884,7.8370929,23
1104120,47.9838653,7.8363832,24
1104120,47.9789107,7.8312062,25
1104120,47.9741187,7.8275567,26
1104120,47.9753951,7.8223189,27
1104120,47.9765335,7.8176152,28
1108847,48.0155232,7.8545662,0
1108847,48.0126321,7.85387,1
1108847,48.0127248,7.8538332,2
1108847,48.0102348,7.8502289,3
1108847,48.0102601,7.8501861,4
1108847,48.008762,7.8476889,5
1108847,48.0074896,7.8457131,6
1108847,48.0033113,7.8407734,7
1108847,48.0035186,7.836305,8
1108847,48.0001385,7.832697,9
1108847,47.9979934,7.8365942,10
1108847,47.996499,7.8407312,11
1108847,47.9954363,7.8456854,12
1108847,47.994501,7.8495345,13
1108847,47.9945264,7.8494868,14
1108847,47.9917909,7.8485127,15
1108847,47.989068,7.8479091,16
1108847,47.987332,7.8398377,17
1108847,47.9862869,7.8366868,18
1108847,47.9865461,7.8292162,19
1108847,47.9895506,7.8233376,20
1108847,47.9905848,7.819349,21
1108847,47.9911792,7.816271,22
1108847,47.9930412,7.8096352,23
1108847,47.9947714,7.8023303,24
1108847,47.9975637,7.7948415,25
1108847,47.9994396,7.7908945,26
1108847,48.0007418,7.7876724,27
1108848,48.0005651,7.7880629,0
1108848,47.9990218,7.7917601,1
1108848,47.9973781,7.7951449,2
1108848,47.9945066,7.8033663,3
1108848,47.9929242,7.8100744,4
1108848,47.9910573,7.8167069,5
1108848,47.990483,7.8197875,6
1108848,47.9893775,7.8237002,7
1108848,47.9862113,7.8293994,8
1108848,47.9864233,7.8373911,9
1108848,47.9872988,7.8402984,10
1108848,47.9895994,7.8480684,11
1108848,47.9920563,7.8486013,12
1108848,47.9946652,7.8497586,13
1108848,47.9946631,7.8498145,14
1108848,47.9956151,7.8449824,15
1108848,47.9966889,7.8399465,16
1108848,47.9980133,7.8366135,17
1108848,48.0004665,7.833043,18
1108848,48.0037331,7.836653,19
1108848,48.0034464,7.8410942,20
1108848,48.0076736,7.8459873,21
1108848,48.0087596,7.8477953,22
1108848,48.0104658,7.850619,23
1108848,48.0104513,7.8506456,24
1108848,48.0126955,7.8540976,25
1108848,48.01268,7.8541185,26
1108848,48.0155232,7.8545662,27
1108886,47.9884884,7.8655331,0
1197648,48.0121484,7.8352989,0
1197648,48.0121481,7.8352644,1
1197648,48.0198531,7.8404499,2
1197648,48.0198202,7.8405398,3
1197648,48.0226878,7.8396172,4
1197648,48.0226863,7.8396797,5
1197648,48.0282371,7.8347188,6
1197648,48.0282273,7.8345091,7
1197648,48.0305988,7.8427516,8
1197648,48.0306221,7.8428074,9
1197648,48.0274914,7.8460983,10
1197648,48.0275228,7.8461577,11
1197648,48.0329523,7.8600847,12
1197648,48.0350763,7.8633218,13
1197648,48.0095711,7.8313139,14
1197648,48.0138637,7.8256749,15
1197648,48.0139086,7.8257702,16
1197648,48.0157503,7.8226377,17
1197648,48.015806,7.8227432,18
1197648,48.0181515,7.8183599,19
1197648,48.0181947,7.8184301,20
1197648,48.0137266,7.8079596,21
1197648,48.0095642,7.8261903,22
1197648,48.0250866,7.8488825,23
1197649,48.0134713,7.8256453,0
1197649,48.0134898,7.8256042,1
1197649,48.0325278,7.8603016,2
1197649,48.0350763,7.8633218,3
1197649,48.012077,7.8355951,4
1197649,48.0120344,7.8356433,5
1197649,48.0184987,7.8393458,6
1197649,48.0184566,7.8393606,7
1197649,48.0198855,7.8406923,8
1197649,48.0199343,7.8406236,9
1197649,48.0227734,7.8398482,10
1197649,48.0228,7.8397736,11
1197649,48.0284038,7.8347404,12
1197649,48.0284981,7.834821,13
1197649,48.0302429,7.8430033,14
1197649,48.0302662,7.8430667,15
1197649,48.0279884,7.8456179,16
1197649,48.0279562,7.8455443,17
1197649,48.0141488,7.8076739,18
1197649,48.0141725,7.8077108,19
1197649,48.0182314,7.8182121,20
1197649,48.0181923,7.8181793,21
1197649,48.0154438,7.8231623,22
1197649,48.0154,7.8231143,23
1197649,48.0097976,7.825918,24
1560703,48.0430077,7.5802763,0
1560703,48.0321345,7.581794,1
1560703,48.0324985,7.5813541,2
1560703,48.0299793,7.5832618,3
1560703,48.029555,7.5830832,4
1560703,48.0286959,7.5846334,5
1560703,48.0345015,7.5797361,6
1560703,48.0359284,7.5798918,7
1560703,48.0379428,7.5822633,8
1560703,48.0380773,7.5829826,9
1560703,48.0392344,7.5852066,10
1560703,48.0393141,7.5851611,11
1560703,48.041176,7.5873183,12
1560703,48.0416784,7.587206,13
1560703,48.0425237,7.5816633,14
1560703,48.0424451,7.5817911,15
1567052,47.9971536,7.8574144,0
1567052,47.9960913,7.8603265,1
1602986,47.978722,7.8105531,0
1602986,47.9786915,7.8105425,1
1602986,47.9782199,7.8157328,2
1602986,47.9781489,7.8157574,3
1602986,47.9765921,7.8169714,4
1602986,47.9794849,7.820239,5
1602986,47.9794336,7.8202657,6
1602986,47.9816193,7.8201359,7
1602986,47.9876526,7.8185426,8
1602986,47.9907396,7.8201288,9
1602986,47.9907059,7.8202209,10
1608136,47.9841926,7.7958945,0
1608136,47.9893067,7.7893119,1
1608136,47.9990218,7.7917601,2
1608136,47.9863994,7.829164,3
1608136,47.9854595,7.826621,4
1608136,47.9849745,7.8224193,5
1608136,47.9850321,7.8224096,6
1608136,47.9811594,7.8203474,7
1608136,47.9793464,7.8199409,8
1608136,47.9794104,7.8198834,9
1608136,47.9765164,7.8172802,10
1608136,47.9782594,7.8161403,11
1608136,47.9783846,7.8161201,12
1608136,47.978783,7.8102839,13
1608136,47.9788383,7.8103068,14
1608136,47.9788197,7.8046172,15
1608136,47.9788497,7.8045738,16
1608136,47.977932,7.8001675,17
1608136,47.9779544,7.8001034,18
1608136,47.9776259,7.7949865,19
1608136,47.9776238,7.7950452,20
1608136,47.9808326,7.7948941,21
1608136,47.9808292,7.7949482,22
1608136,47.9841626,7.7958368,23
1608137,47.9840433,7.7956492,0
1608137,47.9916967,7.7977043,1
1608137,47.9879272,7.795877,2
1608137,47.9840676,7.7956837,3
1608137,47.980924,7.7949193,4
1608137,47.9809377,7.7948676,5
1608137,47.9774463,7.7949605,6
1608137,47.9774523,7.794883,7
1608137,47.9781418,7.8011865,8
1608137,47.9781093,7.8011913,9
1608137,47.978898,7.8047742,10
1608137,47.9788492,7.8048184,11
1608137,47.978722,7.8105531,12
1608137,47.9786915,7.8105425,13
1608137,47.9782199,7.8157328,14
1608137,47.9781489,7.8157574,15
1608137,47.9765921,7.8169714,16
1608137,47.9794849,7.820239,17
1608137,47.9794336,7.8202657,18
1608137,47.9816193,7.8201359,19
1608137,47.9848626,7.8223019,20
1608137,47.9848057,7.8223246,21
1608137,47.9853196,7.8262881,22
1608137,47.9866518,7.8360202,23
1608137,47.9866602,7.8361059,24
1608137,47.9903367,7.8378126,25
1608137,47.9903705,7.8376845,26
1608137,47.9931026,7.8390188,27
1608137,47.9930612,7.8391591,28
1608137,47.9965044,7.8409648,29
1608138,47.9840433,7.7956492,0
1608138,47.9893067,7.7893119,1
1608138,47.9994396,7.7908945,2
1608138,47.9879272,7.795877,3
1608138,47.9840676,7.7956837,4
1608138,47.980924,7.7949193,5
1608138,47.9809377,7.7948676,6
1608138,47.9774463,7.7949605,7
1608138,47.9774523,7.794883,8
1608138,47.9781418,7.8011865,9
1608138,47.9781093,7.8011913,10
1608138,47.978898,7.8047742,11
1608138,47.9788492,7.8048184,12
1608138,47.978722,7.8105531,13
1608138,47.9786915,7.8105425,14
1608138,47.9782199,7.8157328,15
1608138,47.9781489,7.8157574,16
1608138,47.9765921,7.8169714,17
1608138,47.9794849,7.820239,18
1608138,47.9794336,7.8202657,19
1608138,47.9816193,7.8201359,20
1608138,47.9848626,7.8223019,21
1608138,47.9848057,7.8223246,22
1608138,47.9853196,7.8262881,23
1608138,47.9863994,7.829164,24
1608140,47.9841926,7.7958945,0
1608140,47.9880759,7.7957349,1
1608140,47.9879272,7.795877,2
1608140,47.9965044,7.8409648,3
1608140,47.9924969,7.8384317,4
1608140,47.9925655,7.8383213,5
1608140,47.9898337,7.8372063,6
1608140,47.9898008,7.837276,7
1608140,47.9871162,7.8357765,8
1608140,47.9855755,7.8295249,9
1608140,47.9854595,7.826621,10
1608140,47.9849745,7.8224193,11
1608140,47.9850321,7.8224096,12
1608140,47.9811594,7.8203474,13
1608140,47.9793464,7.8199409,14
1608140,47.9794104,7.8198834,15
1608140,47.9765164,7.8172802,16
1608140,47.9782594,7.8161403,17
1608140,47.9783846,7.8161201,18
1608140,47.978783,7.8102839,19
1608140,47.9788383,7.8103068,20
1608140,47.9788197,7.8046172,21
1608140,47.9788497,7.8045738,22
1608140,47.977932,7.8001675,23
1608140,47.9779544,7.8001034,24
1608140,47.9776259,7.7949865,25
1608140,47.9776238,7.7950452,26
1608140,47.9808326,7.7948941,27
1608140,47.9808292,7.7949482,28
1608140,47.9841626,7.7958368,29
1866696,47.9210264,7.7394012,0
1866696,47.9209712,7.7392296,1
1866696,47.9211374,7.7391504,2
1866696,47.9084222,7.839108,3
1866696,47.9062841,7.8310233,4
1866696,47.9123165,7.8435102,5
1866696,47.9196848,7.8398098,6
1866696,47.9099047,7.8210824,7
1866696,47.9232865,7.8019344,8
1866696,47.9231466,7.8015896,9
1866696,47.923616,7.7935315,10
1866696,47.9235021,7.7936209,11
1866696,47.920178,7.7872468,12
1866696,47.9203572,7.7881503,13
1866696,47.9201065,7.7808107,14
1866696,47.9200753,7.7795987,15
1866696,47.9171465,7.7707531,16
1866696,47.9171797,7.7713937,17
1866696,47.9131945,7.7563105,18
1866696,47.9134,7.7561153,19
1866696,47.9152121,7.7530527,20
1866696,47.9150789,7.7532089,21
1866696,47.9178016,7.7452653,22
1866696,47.9191045,7.7455852,23
1866696,47.9185899,7.7464361,24
2440920,47.9565154,7.7507747,0
2440920,47.9583932,7.746324,1
2440920,47.9604803,7.7409023,2
2440920,47.9573058,7.7174238,3
2440920,47.9575337,7.7171594,4
2440920,47.9591404,7.7119173,5
2440920,47.9590271,7.7121001,6
2442549,47.931048,7.7178504,0
2442549,47.9310265,7.7175774,1
2442549,47.9246164,7.7409668,2
2442549,47.9244099,7.7419153,3
2442549,47.9841926,7.7958945,4
2442549,47.9840433,7.7956492,5
2442549,47.9854368,7.8298206,6
2442549,47.9211374,7.7391504,7
2442549,47.9211135,7.7393233,8
2442549,47.9209712,7.7392296,9
2442549,47.9208867,7.7393106,10
2442549,47.9210264,7.7394012,11
2442549,47.9880759,7.7957349,12
2442549,47.9850321,7.8224096,13
2442549,47.9234931,7.7364145,14
2442549,47.9242792,7.7352685,15
2442549,47.9242827,7.7351793,16
2442549,47.9879183,7.7958853,17
2442549,47.9742323,7.7842102,18
2442549,47.9848057,7.8223246,19
2442549,47.9898337,7.8372063,20
2442549,47.9898008,7.837276,21
2442549,47.9871162,7.8357765,22
2442549,47.9855755,7.8295249,23
2442549,47.9849745,7.8224193,24
2442549,47.9811594,7.8203474,25
2442549,47.9782594,7.8161403,26
2442549,47.9783846,7.8161201,27
2442549,47.9824146,7.8023111,28
2442549,47.9809321,7.7937151,29
2442549,47.9809704,7.7936959,30
2442549,47.9541738,7.7727631,31
2442549,47.9566858,7.7714697,32
2442549,47.9565794,7.7713961,33
2442549,47.96677,7.7761983,34
2442549,47.9668197,7.7761166,35
2442549,47.9575162,7.7727775,36
2442549,47.9578903,7.7773618,37
2442549,47.95761,7.7809732,38
2442549,47.9568975,7.7858539,39
2442549,47.9557044,7.7863411,40
2442549,47.9549505,7.771107,41
2442549,47.9667197,7.7757964,42
2442549,47.9666774,7.7758376,43
2442549,47.9811293,7.7943529,44
2442549,47.9809876,7.8038044,45
2442549,47.9823951,7.8039986,46
2442549,47.9782199,7.8157328,47
2442549,47.9781489,7.8157574,48
2442549,47.9848626,7.8223019,49
2442549,47.9854608,7.8298174,50
2442549,47.9866518,7.8360202,51
2442549,47.9866602,7.8361059,52
2442549,47.9903367,7.8378126,53
2442549,47.9903705,7.8376845,54
2442549,47.9810837,7.7943877,55
2442549,47.9962871,7.840786,56
2442549,47.9598975,7.7672105,57
2442549,47.9170736,7.740693,58
2442549,47.923062,7.7428566,59
2442549,47.9226975,7.742719,60
2442549,47.9188527,7.7322485,61
2442549,47.9186251,7.7327625,62
2442549,47.9176676,7.7401004,63
2442549,47.9363051,7.7588288,64
2442549,47.9361831,7.7587066,65
2442549,47.9398177,7.7586688,66
2442549,47.9398447,7.7588357,67
2442549,47.9411667,7.7551824,68
2442549,47.8850963,7.7286901,69
2442549,47.9741243,7.7840951,70
2442549,47.9366121,7.7551975,71
2442549,47.9365505,7.7547386,72
2442549,47.9373539,7.7505151,73
2442549,47.9412878,7.7545235,74
2442549,47.9195426,7.6971779,75
2442549,47.9548489,7.7709772,76
2443752,47.956203,7.7538041,0
2443752,47.9561221,7.7531502,1
2443752,47.9560795,7.753172,2
2443752,47.9562612,7.7537954,3
2443752,47.9573058,7.7174238,4
2443752,47.9575337,7.7171594,5
2443752,47.9590271,7.7121001,6
2443752,47.9591404,7.7119173,7
2443752,47.9445653,7.7369133,8
2458059,48.0286959,7.5846334,0
2458059,48.0279606,7.5841247,1
2458059,48.0282027,7.582077,2
2458059,48.029555,7.5830832,3
2458059,48.0309662,7.5814231,4
2458059,48.0336121,7.5795819,5
2458059,48.0385895,7.5739578,6
2458059,48.0354282,7.5735607,7
2458059,48.0332428,7.5747354,8
2458059,48.0299202,7.5790221,9
2458059,48.0276996,7.5902776,10
2458059,48.0296958,7.5875852,11
2458059,48.0370953,7.5763626,12
2458059,48.0333551,7.5823964,13
2458115,48.0286959,7.5846334,0
2458115,48.0310005,7.5856601,1
2458115,48.0282027,7.582077,2
2458115,48.0276996,7.5902776,3
2458115,48.0313075,7.5915521,4
2458115,48.0353099,7.5895158,5
2458115,48.0369604,7.5905375,6
2458115,48.039184,7.5877458,7
2458115,48.0432568,7.5854134,8
2458115,48.0405659,7.5837394,9
3018847,48.9917224,8.4011159,0
3046208,48.9917224,8.4011159,0
3046208,48.7268136,9.1114142,1
3199938,48.0188204,7.6108695,0
3199938,48.0187842,7.6108017,1
3199938,48.010915,7.6411576,2
3199938,48.0108848,7.6411516,3
3199938,47.97903,7.6619718,4
3199938,47.9790015,7.6619024,5
3199938,47.9861666,7.6712775,6
3199938,47.986289,7.6713273,7
3199938,48.0184063,7.6857234,8
3199938,48.0120908,7.7101565,9
3199938,48.012082,7.7102588,10
3199938,48.0288722,7.7583044,11
3199939,47.996572,7.8412897,0
3199939,48.0143876,7.6387169,1
3199939,48.0157593,7.6418492,2
3199939,48.015703,7.6418285,3
3199939,48.0000205,7.7177303,4
3199939,47.997397,7.7127433,5
3199939,47.9882666,7.7155035,6
3199939,47.9827532,7.7145417,7
3199939,47.9788866,7.7075273,8
3199939,47.9689546,7.6991207,9
3199939,47.9690814,7.6994147,10
3199939,47.9991692,7.7263926,11
3199939,47.9991194,7.7263757,12
3199939,47.9881416,7.7960268,13
3199939,47.9893795,7.7893808,14
3199939,47.9893067,7.7893119,15
3199939,47.9930863,7.7887031,16
3199939,48.0189668,7.6101708,17
3199939,48.0190058,7.6101646,18
3199939,48.027434,7.5898027,19
3247370,47.9841926,7.7958945,0
3247370,47.9839043,7.7660555,1
3247370,47.9803759,7.7897265,2
3247370,47.9811293,7.7943529,3
3247370,47.9810837,7.7943877,4
3247370,47.9841626,7.7958368,5
3247370,47.9882177,7.7959573,6
3250566,47.9840433,7.7956492,0
3250566,47.9882177,7.7959573,1
3250566,47.9809704,7.7936959,2
3250566,47.9809321,7.7937151,3
3250566,47.9840955,7.7663367,4
3385101,48.0727283,7.8782749,0
3385101,48.072649,7.8785033,1
3385101,48.064994,7.8908323,2
3385101,48.0681694,7.8851031,3
3385101,48.0680479,7.8853325,4
3385101,48.0649528,7.8907957,5
3385101,48.0649333,7.8908594,6
3385101,48.0329523,7.8600847,7
3385101,48.0329613,7.8602078,8
3385101,48.0325278,7.8603016,9
3385101,48.032554,7.8604337,10
3385101,48.0310107,7.8589715,11
3385101,48.0310758,7.8591114,12
3385101,48.0255415,7.8497179,13
3385101,48.0250272,7.8489578,14
3385101,48.0250866,7.8488825,15
3385101,48.0952377,7.8594353,16
3385101,48.0957439,7.8592293,17
3385101,48.0986446,7.856103,18
3385101,48.0983352,7.8567295,19
3385101,48.1003331,7.8541421,20
3385101,48.1009223,7.8537848,21
3385101,48.1080978,7.854422,22
3385101,48.104764,7.856243,23
3385101,48.1046499,7.8561626,24
3385101,48.103337,7.8590275,25
3385101,48.1032759,7.8591649,26
3385101,48.1036206,7.864482,27
3385101,48.103565,7.8641383,28
3385101,48.1067248,7.8633831,29
3385101,48.1067182,7.8636057,30
3385101,48.1116267,7.8646209,31
3385101,48.1122285,7.8637787,32
3385101,48.1155918,7.8567085,33
3385101,48.1152002,7.8577682,34
3385101,48.1196852,7.847936,35
3385101,48.1096523,7.8536807,36
3385101,48.1102115,7.853634,37
3385101,48.1121782,7.8530847,38
3385101,48.112877,7.8532508,39
3385101,48.1147226,7.8527837,40
3385101,48.070727,7.8704876,41
3385101,48.070175,7.8718707,42
3385101,48.072754,7.8783065,43
3385101,48.069983,7.8754546,44
3385101,48.069239,7.8823711,45
3385699,48.1236271,7.8406532,0
3385699,48.1223245,7.8462747,1
3385699,48.1241338,7.8386818,2
3385699,48.1164625,7.8512099,3
3385699,48.1197856,7.8475942,4
3385699,48.1616059,7.7949323,5
3385699,48.1611638,7.792711,6
3385699,48.1616118,7.7949287,7
3385699,48.1586159,7.7852082,8
3385699,48.1605298,7.7886846,9
3385699,48.161169,7.7927053,10
3385699,48.1889339,7.7658836,11
3385699,48.1379406,7.805252,12
3385699,48.103565,7.8641383,13
3385699,48.1032759,7.8591649,14
3385699,48.1046499,7.8561626,15
3385699,48.1067182,7.8636057,16
3385699,48.1122285,7.8637787,17
3385699,48.134468,7.8055623,18
3385699,48.1297507,7.8119912,19
3385699,48.1286285,7.8283867,20
3385699,48.128465,7.8284935,21
3385699,48.1152002,7.8577682,22
3385699,48.0983352,7.8567295,23
3385699,48.0957439,7.8592293,24
3385699,48.1009223,7.8537848,25
3385699,48.064994,7.8908323,26
3385699,48.0672954,7.8829405,27
3385699,48.069053,7.8763348,28
3385699,48.070727,7.8704876,29
3385699,48.0193415,7.8570376,30
3385699,48.0110597,7.8540648,31
3385699,48.0108366,7.8538438,32
3385699,48.0012015,7.8452921,33
3385699,48.001955,7.8459558,34
3385699,48.0055485,7.8497119,35
3385699,48.0058868,7.8500231,36
3385699,47.9963498,7.8411094,37
3385699,48.1080978,7.854422,38
3392264,48.0217751,7.8498784,0
3392264,48.0217527,7.8500533,1
3392264,48.0199987,7.8446008,2
3392264,48.0202038,7.8454385,3
3392264,48.0184987,7.8393458,4
3392264,48.0184566,7.8393606,5
3392264,48.0120023,7.8367149,6
3392264,48.0119527,7.8366468,7
3392264,48.0350149,7.8630231,8
3392264,48.0350763,7.8633218,9
3392264,48.0379146,7.8647678,10
3392264,48.0398121,7.8650417,11
3392264,48.0429418,7.8657778,12
3392264,48.0453479,7.8642745,13
3392264,48.069983,7.8754546,14
3392264,48.0058943,7.849976,15
3392264,48.0215121,7.8518285,16
3392264,48.032554,7.8604337,17
3392264,48.0329523,7.8600847,18
3392264,48.0193421,7.8557301,19
3392264,48.070175,7.8718707,20
3392264,48.072754,7.8783065,21
3392264,48.0213946,7.8518564,22
3392264,48.0110597,7.8540648,23
3392264,48.0108366,7.8538438,24
3392264,48.0058868,7.8500231,25
3392264,48.0055485,7.8497119,26
3392264,48.001955,7.8459558,27
3392264,48.0012015,7.8452921,28
3392264,48.0695281,7.8825222,29
3392264,47.9961614,7.8409565,30
3392264,48.070727,7.8704876,31
3392264,48.0108446,7.8537852,32
3392264,48.0250866,7.8488825,33
3432304,48.0350763,7.8633218,0
3432304,48.0656086,7.8488459,1
3432304,48.0429379,7.8660073,2
3432304,47.9961614,7.8409565,3
3432304,48.0834033,7.8126945,4
3432304,48.0835162,7.8123093,5
3432304,48.079865,7.8113507,6
3432304,48.0798395,7.8114047,7
3432304,48.0697988,7.7988088,8
3432304,48.0698572,7.7987958,9
3432304,48.1045854,7.7785284,10
3432304,48.0825652,7.8208043,11
3432304,48.0826345,7.8206819,12
3432304,48.0826062,7.820836,13
3432304,48.0817429,7.8253177,14
3432304,48.081748,7.8250955,15
3432304,48.0749487,7.8298704,16
3432304,48.0656081,7.8488961,17
3432304,48.065872,7.8487306,18
3432304,48.0613257,7.8528707,19
3432304,48.0612831,7.8527995,20
3432304,48.0614108,7.8529203,21
3432304,48.0459665,7.8643254,22
3432304,48.0406606,7.8659458,23
3432304,48.0058943,7.849976,24
3432304,48.0055385,7.8497448,25
3432304,48.0193415,7.8570376,26
3432304,48.0380211,7.8649793,27
3432304,48.0215121,7.8518285,28
3432304,48.032554,7.8604337,29
3432304,48.0110597,7.8540648,30
3432304,48.0108366,7.8538438,31
3432304,48.0058868,7.8500231,32
3432304,48.0055485,7.8497119,33
3432304,48.001955,7.8459558,34
3432304,48.0012015,7.8452921,35
3432304,48.1065437,7.775996,36
3432304,48.0193421,7.8557301,37
3432304,48.0748357,7.8236189,38
3432304,48.0919997,7.7858031,39
3432304,48.0108446,7.8537852,40
3567082,48.0380211,7.8649793,0
3567082,48.0406606,7.8659458,1
3567082,48.0428894,7.8679474,2
3567082,48.0460444,7.8704721,3
3567082,48.0438866,7.8745589,4
3567082,48.0441127,7.8782174,5
3567082,48.0462551,7.8768217,6
3567082,48.0466333,7.8704276,7
3567082,48.0451268,7.870212,8
3567082,48.042746,7.8674922,9
3567082,48.0398121,7.8650417,10
3567082,48.0379146,7.8647678,11
3567082,48.0349357,7.8632462,12
3737189,48.0005651,7.7880629,0
3737189,47.9990218,7.7917601,1
3737189,47.9973781,7.7951449,2
3737189,47.9945066,7.8033663,3
3737189,47.9929242,7.8100744,4
3737189,47.9910573,7.8167069,5
3737189,47.990483,7.8197875,6
3737189,47.9893775,7.8237002,7
3737189,47.9862113,7.8293994,8
3737189,47.9864233,7.8373911,9
3737189,47.9872988,7.8402984,10
3737189,47.9895994,7.8480684,11
3737189,47.9920563,7.8486013,12
3737189,47.9946652,7.8497586,13
3737189,47.9946631,7.8498145,14
3737189,47.9956151,7.8449824,15
3737189,47.9966889,7.8399465,16
3737189,47.9980133,7.8366135,17
3737189,48.0004665,7.833043,18
3737189,48.0037331,7.836653,19
3737189,48.0034464,7.8410942,20
3737189,48.0076736,7.8459873,21
3737189,48.0087596,7.8477953,22
3737189,48.0104658,7.850619,23
3737189,48.0104513,7.8506456,24
3737189,48.0126955,7.8540976,25
3737189,48.01268,7.8541185,26
3737189,48.0156837,7.855333,27
3737189,48.0195831,7.8570146,28
3737189,48.022634,7.8583761,29
3737189,48.0264018,7.8603423,30
3737189,48.0303537,7.8621753,31
3737189,48.0351264,7.8628277,32
3737190,48.0347138,7.8633096,0
3737190,48.0301901,7.8619519,1
3737190,48.0262018,7.8602728,2
3737190,48.0223947,7.8582307,3
3737190,48.0193702,7.8568939,4
3737190,48.015573,7.8552515,5
3737190,48.0126321,7.85387,6
3737190,48.0127248,7.8538332,7
3737190,48.0102348,7.8502289,8
3737190,48.0102601,7.8501861,9
3737190,48.008762,7.8476889,10
3737190,48.0074896,7.8457131,11
3737190,48.0033113,7.8407734,12
3737190,48.0035186,7.836305,13
3737190,48.0001385,7.832697,14
3737190,47.9979934,7.8365942,15
3737190,47.996499,7.8407312,16
3737190,47.9954363,7.8456854,17
3737190,47.994501,7.8495345,18
3737190,47.9945264,7.8494868,19
3737190,47.9917909,7.8485127,20
3737190,47.989068,7.8479091,21
3737190,47.987332,7.8398377,22
3737190,47.9862869,7.8366868,23
3737190,47.9865461,7.8292162,24
3737190,47.9895506,7.8233376,25
3737190,47.9905848,7.819349,26
3737190,47.9911792,7.816271,27
3737190,47.9930412,7.8096352,28
3737190,47.9947714,7.8023303,29
3737190,47.9975637,7.7948415,30
3737190,47.9994396,7.7908945,31
3737190,48.0007418,7.7876724,32
5563137,48.0987645,7.6041812,0
5563137,48.0848281,7.6128402,1
5563137,48.0735929,7.721943,2
5563137,48.0727161,7.7206428,3
5563137,48.0704198,7.7212651,4
5563137,48.0674591,7.7176017,5
5563137,48.0701312,7.7204838,6
5563137,48.0706763,7.7194848,7
5563137,48.066775,7.7118739,8
5563137,48.072766,7.7171437,9
5563137,48.0733955,7.7153485,10
5563137,48.0740536,7.710162,11
5563137,48.0740986,7.7101225,12
5563137,48.0931134,7.7456748,13
5563137,48.0929661,7.7456771,14
5563137,48.0960705,7.7388141,15
5563137,48.0936821,7.7299027,16
5563137,48.0937753,7.734827,17
5563137,48.0940545,7.741078,18
5563137,48.0915152,7.7513446,19
5563137,48.0912417,7.7515359,20
5563137,48.0941414,7.7456818,21
5563137,48.09421,7.74585,22
5563137,48.0689072,7.7695915,23
5563137,48.0678692,7.7728037,24
5563137,48.0680878,7.7723563,25
5563137,48.0386056,7.7967794,26
5563137,48.0377856,7.7967461,27
5563137,48.0331796,7.8032481,28
5563137,48.0329293,7.8036669,29
5563137,48.0289198,7.8088816,30
5563137,48.0478074,7.7850541,31
5563137,48.0476135,7.7850383,32
5563137,48.0638073,7.7813826,33
5563137,48.0637904,7.7808696,34
5563137,48.0697988,7.7988088,35
5563137,48.0698931,7.7987239,36
5563137,48.0731242,7.8038536,37
5563137,48.072879,7.7993915,38
5563137,48.0630272,7.7795182,39
5563137,48.0604728,7.7790149,40
5563137,48.0601183,7.7792484,41
5563137,48.0552927,7.7804459,42
5563137,48.0556647,7.7802389,43
5563137,48.0702802,7.7211829,44
5563137,48.0687273,7.7538185,45
5563137,48.0386142,7.7967367,46
5563137,48.0377979,7.7968282,47
5563137,48.0329433,7.8036821,48
5563137,48.0288896,7.8090444,49
5563137,48.063825,7.7813789,50
5563137,48.0637576,7.780876,51
5563137,48.0698572,7.7987958,52
5563137,48.0634094,7.7796053,53
5563137,48.0552979,7.7803726,54
5567835,48.0274069,7.5898091,0
5567835,47.9106197,7.6981249,1
5567835,47.9193593,7.6969279,2
5567835,47.9168337,7.6884496,3
5567835,47.916115,7.6896285,4
5567835,47.9255968,7.6832979,5
5567835,47.9226442,7.6849676,6
5567835,48.027434,7.5898027,7
5703346,48.0134713,7.8256453,0
5703346,48.0134898,7.8256042,1
5703346,48.0277468,7.8517326,2
5703346,48.0255415,7.8497179,3
5703346,48.012077,7.8355951,4
5703346,48.0120344,7.8356433,5
5703346,48.0184987,7.8393458,6
5703346,48.0184566,7.8393606,7
5703346,48.0228,7.8397736,8
5703346,48.0227734,7.8398482,9
5703346,48.0284038,7.8347404,10
5703346,48.0284981,7.834821,11
5703346,48.0302429,7.8430033,12
5703346,48.0302662,7.8430667,13
5703346,48.0279884,7.8456179,14
5703346,48.0279562,7.8455443,15
5703346,48.0350763,7.8633218,16
5703346,48.0096848,7.8315986,17
5703346,48.0254828,7.8497987,18
5703346,48.0277955,7.8458134,19
5703346,48.0304569,7.8509752,20
5703346,48.0328196,7.849483,21
5703346,48.0141488,7.8076739,22
5703346,48.0141725,7.8077108,23
5703346,48.0182314,7.8182121,24
5703346,48.0181923,7.8181793,25
5703346,48.0154438,7.8231623,26
5703346,48.0154,7.8231143,27
5703346,48.0097976,7.825918,28
5703347,48.0250272,7.8489578,0
5703347,48.0275951,7.8516775,1
5703347,48.0350763,7.8633218,2
5703347,48.0121481,7.8352644,3
5703347,48.0198202,7.8405398,4
5703347,48.0198531,7.8404499,5
5703347,48.0226878,7.8396172,6
5703347,48.0226863,7.8396797,7
5703347,48.0282371,7.8347188,8
5703347,48.0282273,7.8345091,9
5703347,48.0305988,7.8427516,10
5703347,48.0306221,7.8428074,11
5703347,48.0274914,7.8460983,12
5703347,48.0275228,7.8461577,13
5703347,48.0095711,7.8313139,14
5703347,48.0138637,7.8256749,15
5703347,48.0139086,7.8257702,16
5703347,48.0157503,7.8226377,17
5703347,48.015806,7.8227432,18
5703347,48.0181515,7.8183599,19
5703347,48.0181947,7.8184301,20
5703347,48.0137266,7.8079596,21
5703347,48.0250866,7.8488825,22
5703347,48.0300803,7.8510029,23
5703347,48.0327385,7.8494092,24
5703347,48.0095642,7.8261903,25
5732268,48.0015167,7.841955,0
5732268,48.0015527,7.8419961,1
5732268,48.0121481,7.8352644,2
5732268,48.0120023,7.8367149,3
5732268,48.0202038,7.8454385,4
5732268,48.0199987,7.8446008,5
5732268,48.0217527,7.8500533,6
5732268,48.0217751,7.8498784,7
5732268,48.0693817,7.8889368,8
5732268,48.0694941,7.8891209,9
5732268,48.0350763,7.8633218,10
5732268,48.0350149,7.8630231,11
5732268,48.0058943,7.849976,12
5732268,48.0193415,7.8570376,13
5732268,48.032554,7.8604337,14
5732268,48.0329523,7.8600847,15
5732268,48.0681711,7.902466,16
5732268,48.0682064,7.9027323,17
5732268,48.0110597,7.8540648,18
5732268,48.0108366,7.8538438,19
5732268,48.0058868,7.8500231,20
5732268,48.0055485,7.8497119,21
5732268,48.001955,7.8459558,22
5732268,48.0012015,7.8452921,23
5732268,48.0695281,7.8825222,24
5732268,48.0121484,7.8352989,25
5732268,48.0119527,7.8366468,26
5732268,48.0184987,7.8393458,27
5732268,48.018089,7.8375492,28
5732268,47.9961614,7.8409565,29
5732268,48.0708325,7.8914635,30
5732268,48.0710625,7.8916105,31
5732268,48.0734757,7.9006868,32
5732268,48.0730335,7.9078349,33
5732268,48.0729521,7.9081775,34
5732268,48.0700669,7.9067079,35
5732268,48.0700635,7.9064744,36
5732268,48.0108446,7.8537852,37
5732268,48.0734426,7.8998986,38
5732268,48.0250866,7.8488825,39
6092717,47.9975276,7.8526403,0
6092717,47.9954363,7.8456854,1
6092717,47.996499,7.8407312,2
6092717,47.9965918,7.8402708,3
6092717,47.9979934,7.8365942,4
6092717,48.0001385,7.832697,5
6092717,48.0052651,7.8347532,6
6092717,48.0073428,7.829847,7
6092717,48.0094687,7.8311455,8
6092717,48.0122119,7.8356425,9
6092717,48.0031015,7.8546399,10
6092717,48.0071801,7.8551931,11
6092717,48.0107656,7.8545506,12
6092717,48.0156837,7.855333,13
6092717,48.0195831,7.8570146,14
6092717,48.022634,7.8583761,15
6092717,48.0264018,7.8603423,16
6092717,48.0303537,7.8621753,17
6092717,48.0351264,7.8628277,18
6092717,47.997335,7.8524066,19
6092718,48.0004665,7.833043,0
6092718,48.0055721,7.8343106,1
6092718,48.007548,7.8292203,2
6092718,48.0097979,7.8317785,3
6092718,48.0122119,7.8356425,4
6092718,47.9966889,7.8399465,5
6092718,47.9965923,7.840426,6
6092718,47.9956151,7.8449824,7
6092718,47.9955312,7.8453828,8
6092718,48.0347205,7.8633787,9
6092718,48.0301901,7.8619519,10
6092718,48.0262018,7.8602728,11
6092718,48.0223947,7.8582307,12
6092718,48.0193702,7.8568939,13
6092718,48.015573,7.8552515,14
6092718,48.0104514,7.8545278,15
6092718,48.0064226,7.855234,16
6092718,48.0027961,7.8545469,17
6092718,47.9952196,7.850146,18
6092718,47.9980133,7.8366135,19
6092718,47.9947714,7.8023303,20
6634155,48.0137266,7.8079596,0
6634155,48.0138653,7.8075105,1
6634155,47.9876973,7.7959101,2
6634155,48.0438866,7.8745589,3
6634155,48.0379146,7.8647678,4
6634155,48.0329523,7.8600847,5
6634155,48.0250272,7.8489578,6
6634155,48.0306221,7.8428074,7
6634155,48.0275228,7.8461577,8
6634155,48.0274914,7.8460983,9
6634155,48.0441127,7.8782174,10
6634155,48.0462551,7.8768217,11
6634155,48.0466333,7.8704276,12
6634155,48.042746,7.8674922,13
6634155,48.0398121,7.8650417,14
6634155,48.0352505,7.8633828,15
6634155,48.0250866,7.8488825,16
6634156,47.9994396,7.7908945,0
6634156,48.0137266,7.8079596,1
6634156,48.0138653,7.8075105,2
6634156,47.9876973,7.7959101,3
6634156,48.0438866,7.8745589,4
6634156,48.0379146,7.8647678,5
6634156,48.0329523,7.8600847,6
6634156,48.0250272,7.8489578,7
6634156,48.0306221,7.8428074,8
6634156,48.0275228,7.8461577,9
6634156,48.0274914,7.8460983,10
6634156,47.9954593,7.7890322,11
6634156,47.9935225,7.7886172,12
6634156,47.9892547,7.7892132,13
6634156,48.0441127,7.8782174,14
6634156,48.0462551,7.8768217,15
6634156,48.0466333,7.8704276,16
6634156,48.042746,7.8674922,17
6634156,48.0398121,7.8650417,18
6634156,48.0352505,7.8633828,19
6634156,48.0250866,7.8488825,20
6634157,47.9876973,7.7959101,0
6634157,48.0138653,7.8075105,1
6634157,48.0302429,7.8430033,2
6634157,48.0302662,7.8430667,3
6634157,48.0279884,7.8456179,4
6634157,48.0279562,7.8455443,5
6634157,48.0255415,7.8497179,6
6634157,48.0254828,7.8497987,7
6634157,48.0325278,7.8603016,8
6634157,48.0352505,7.8633828,9
6634157,48.0380211,7.8649793,10
6634157,48.0406606,7.8659458,11
6634157,48.0428894,7.8679474,12
6634157,48.0460444,7.8704721,13
6634157,48.0438866,7.8745589,14
6634158,47.9876973,7.7959101,0
6634158,47.9893795,7.7893808,1
6634158,47.9930863,7.7887031,2
6634158,47.9990218,7.7917601,3
6634158,48.0138653,7.8075105,4
6634158,48.0302429,7.8430033,5
6634158,48.0302662,7.8430667,6
6634158,48.0279884,7.8456179,7
6634158,48.0279562,7.8455443,8
6634158,48.0255415,7.8497179,9
6634158,48.0254828,7.8497987,10
6634158,48.0325278,7.8603016,11
6634158,48.0352505,7.8633828,12
6634158,48.0380211,7.8649793,13
6634158,48.0406606,7.8659458,14
6634158,48.0428894,7.8679474,15
6634158,48.0460444,7.8704721,16
6634158,48.0438866,7.8745589,17
7188637,47.6583763,9.1689575,0
7188637,47.6583825,9.1691017,1
7188637,51.8191166,6.4454338,2
7188637,48.576591,7.8079854,3
7188637,50.881436,7.1172139,4
7188637,51.2232722,6.795472,5
7188637,47.9076478,8.1592628,6
7188637,47.9076097,8.1592705,7
7188637,47.9955682,7.8404751,8
7188637,47.9955859,7.8403962,9
7188637,48.5742342,7.7542565,10
7188637,49.2420012,6.9998312,11
7188637,51.4283103,6.7711589,12
7188637,52.3893183,4.8362683,13
7188637,52.3893202,4.8364088,14
7188638,52.3893183,4.8362683,0
7188638,52.3893202,4.8364088,1
7188638,51.8191166,6.4454338,2
7188638,51.4283103,6.7711589,3
7188638,51.2232722,6.795472,4
7188638,50.881436,7.1172139,5
7188638,49.2420012,6.9998312,6
7188638,48.5742342,7.7542565,7
7188638,48.576591,7.8079854,8
7188638,47.9957201,7.8403324,9
7188638,47.9957057,7.8403998,10
7188638,47.9076478,8.1592628,11
7188638,47.9076097,8.1592705,12
7188638,47.6583763,9.1689575,13
7188638,47.6583825,9.1691017,14
8045973,47.9027253,8.1549567,0
8045973,47.9114861,8.2100742,1
8045973,47.9968921,7.841321,2
8047518,47.9957201,7.8403324,0
8047518,47.9958925,7.8404769,1
8047518,47.9114417,8.2098557,2
8047518,47.9027253,8.1549567,3
8047642,47.9057497,8.1063431,0
8047642,47.9057652,8.1063894,1
8047642,47.9055656,8.1066247,2
8047642,47.9676751,7.959445,3
8047642,47.9902825,7.8533538,4
8047642,47.9629153,7.9815051,5
8047642,47.9966974,7.8411224,6
8047642,47.9677007,7.9594274,7
8047642,47.958829,7.9910589,8
8047642,47.9056086,8.1066351,9
8047642,47.9027253,8.1549567,10
8047642,47.9114861,8.2100742,11
8047715,47.9057497,8.1063431,0
8047715,47.9055656,8.1066247,1
8047715,47.9057652,8.1063894,2
8047715,47.9676201,7.9590062,3
8047715,47.9675751,7.9590244,4
8047715,47.9908256,7.8533399,5
8047715,47.9056086,8.1066351,6
8047715,47.9112697,8.2100349,7
8047715,47.9629711,7.9817052,8
8047715,47.958829,7.9910589,9
8047715,47.9957201,7.8403324,10
8047715,47.9958925,7.8404769,11
8047715,47.9027253,8.1549567,12
8047736,47.9057497,8.1063431,0
8047736,47.9057652,8.1063894,1
8047736,47.9055656,8.1066247,2
8047736,47.9676751,7.959445,3
8047736,47.9844411,7.8937807,4
8047736,47.9902825,7.8533538,5
8047736,47.9629153,7.9815051,6
8047736,47.9966974,7.8411224,7
8047736,47.9677007,7.9594274,8
8047736,47.958829,7.9910589,9
8047736,47.9056086,8.1066351,10
8047736,47.9027253,8.1549567,11
8047736,47.9114861,8.2100742,12
8047747,47.9057497,8.1063431,0
8047747,47.9057652,8.1063894,1
8047747,47.9055656,8.1066247,2
8047747,47.9676201,7.9590062,3
8047747,47.9675751,7.9590244,4
8047747,47.9844411,7.8937807,5
8047747,47.9908256,7.8533399,6
8047747,47.9056086,8.1066351,7
8047747,47.9112697,8.2100349,8
8047747,47.9677007,7.9594274,9
8047747,47.9629711,7.9817052,10
8047747,47.958829,7.9910589,11
8047747,47.9957201,7.8403324,12
8047747,47.9958925,7.8404769,13
8047747,47.9027253,8.1549567,14
8047798,47.9675727,7.9586291,0
8047798,47.9675279,7.9586515,1
8047798,47.9965044,7.8409648,2
8047798,47.9902825,7.8533538,3
8047806,47.9674903,7.9580219,0
8047806,47.9675157,7.9580131,1
8047806,47.9845383,7.8937864,2
8047807,47.9675157,7.9580131,0
8047807,47.9674903,7.9580219,1
8047807,47.9844411,7.8937807,2
8047808,47.9675279,7.9586515,0
8047808,47.9908256,7.8533399,1
8047808,47.9957201,7.8403324,2
8047808,47.9958925,7.8404769,3
8061948,47.9057497,8.1063431,0
8061948,47.9057652,8.1063894,1
8061948,47.9055656,8.1066247,2
8061948,47.919505,8.2086349,3
8061948,47.9676751,7.959445,4
8061948,47.9902825,7.8533538,5
8061948,47.9629153,7.9815051,6
8061948,47.9966974,7.8411224,7
8061948,47.9677007,7.9594274,8
8061948,47.958829,7.9910589,9
8061948,47.9056086,8.1066351,10
8061948,47.9027253,8.1549567,11
8533000,47.9994396,7.7908945,0
8533000,48.0137266,7.8079596,1
8533000,48.0138653,7.8075105,2
8533000,47.9876973,7.7959101,3
8533000,48.0438866,7.8745589,4
8533000,48.0379146,7.8647678,5
8533000,48.0329523,7.8600847,6
8533000,48.0250272,7.8489578,7
8533000,48.0306221,7.8428074,8
8533000,48.0275228,7.8461577,9
8533000,48.0274914,7.8460983,10
8533000,47.9954593,7.7890322,11
8533000,47.9935225,7.7886172,12
8533000,47.9892547,7.7892132,13
8533000,48.0441127,7.8782174,14
8533000,48.0462551,7.8768217,15
8533000,48.0466333,7.8704276,16
8533000,48.042746,7.8674922,17
8533000,48.0398121,7.8650417,18
8533000,48.0352505,7.8633828,19
8533000,48.0250866,7.8488825,20
