shape_id,shape_pt_lat,shape_pt_lon,shape_pt_sequence
237155.01237155,49.2270846,7.0207438,0
237155.01237155,49.2257493,7.0355784,1
237155.01237155,49.2375428,7.0561765,2
237155.01237155,49.2547174,7.0403373,3
237155.01237155,49.276422,7.0329183,4
237740.01237740,49.2433789,7.0118103,0
237740.01237740,49.2401746,7.0000431,1
237740.01237740,49.2385384,6.9979364,2
237740.01237740,49.2402327,6.9898115,3
237740.01237740,49.2402489,6.9845333,4
237740.01237740,49.2391441,6.9797631,5
237740.01237740,49.2393151,6.9747373,6
237740.01237740,49.2336659,6.9737619,7
405625.01405625,49.2318537,7.0492216,0
405625.01405625,49.2324515,7.0497857,1
405625.01405625,49.2353824,7.0498945,2
405625.01405625,49.2367694,7.0490387,3
405625.01405625,49.2378984,7.0457014,4
405625.01405625,49.2379524,7.0409736,5
405625.01405625,49.2375103,7.0361544,6
405625.01405625,49.2356505,7.0357415,7
405625.01405625,49.2411163,7.0183361,8
405625.01405625,49.2416816,7.0242687,9
405625.01405625,49.236841,6.9966845,10
405625.01405625,49.2341744,6.9935527,11
405625.01405625,49.2329961,6.9881631,12
405625.01405625,49.2318498,6.9847888,13
405625.01405625,49.2251481,6.9763795,14
405625.01405625,49.2186457,6.9678214,15
405625.01405625,49.2207456,6.9648208,16
405625.01405625,49.2230325,6.963818,17
405907.01405907,49.2796163,7.0371128,0
405907.01405907,49.2795907,7.0367444,1
405907.01405907,49.2819038,7.0379681,2
405907.01405907,49.2818256,7.037905,3
405907.01405907,49.2845691,7.0362098,4
405907.01405907,49.2844368,7.0360905,5
405907.01405907,49.2860476,7.0342475,6
405907.01405907,49.285938,7.0341646,7
405907.01405907,49.2879796,7.0321006,8
405907.01405907,49.2875808,7.0321275,9
405907.01405907,49.2901318,7.0290027,10
405907.01405907,49.2899153,7.0294172,11
405907.01405907,49.2943114,7.0274584,12
405907.01405907,49.2990004,7.0259789,13
405907.01405907,49.2991395,7.025777,14
405907.01405907,49.3040577,7.0268289,15
405907.01405907,49.3037849,7.0263099,16
405907.01405907,49.3074547,7.0287272,17
405907.01405907,49.3071493,7.0279916,18
405907.01405907,49.3094224,7.0314275,19
405907.01405907,49.309627,7.0313953,20
405907.01405907,49.3116597,7.0374612,21
405907.01405907,49.3116824,7.0372184,22
405907.01405907,49.3136691,7.0427118,23
405907.01405907,49.3137186,7.0426401,24
405907.01405907,49.3164922,7.0483398,25
405907.01405907,49.3165307,7.0481949,26
405907.01405907,49.3223253,7.0547453,27
405907.01405907,49.3223462,7.0545881,28
405907.01405907,49.3247775,7.0534814,29
405907.01405907,49.3246796,7.0533687,30
405907.01405907,49.3263703,7.0417136,31
405907.01405907,49.3263746,7.0490267,32
405907.01405907,49.3289094,7.0507084,33
405907.01405907,49.3292831,7.0568565,34
405907.01405907,49.3292462,7.0567309,35
405907.01405907,49.3250368,7.0585903,36
405907.01405907,49.3249574,7.058811,37
405907.01405907,49.3114194,7.052742,38
405907.01405907,49.3110609,7.0527345,39
405907.01405907,49.312938,7.0501712,40
405907.01405907,49.3087131,7.052043,41
405907.01405907,49.308867,7.0523783,42
405907.01405907,49.3063358,7.055932,43
405907.01405907,49.3064097,7.0559428,44
405907.01405907,49.3037167,7.0573921,45
405907.01405907,49.3039119,7.0579005,46
405907.01405907,49.3003687,7.0513285,47
405907.01405907,49.2985532,7.0484795,48
405907.01405907,49.2996327,7.0472821,49
405907.01405907,49.3000385,7.0490523,50
405907.01405907,49.2993418,7.0554999,51
405907.01405907,49.2992655,7.055688,52
405907.01405907,49.2976456,7.0577258,53
405907.01405907,49.2977431,7.0576082,54
405907.01405907,49.2991832,7.0615635,55
405907.01405907,49.2992176,7.0611225,56
405907.01405907,49.3002788,7.0649494,57
405907.01405907,49.3002092,7.0645898,58
405907.01405907,49.301039,7.067463,59
406014.01406014,49.2747283,7.1118274,0
406014.01406014,49.2758089,7.0914736,1
406014.01406014,49.2758798,7.0921221,2
406459.01406459,49.2764238,7.0502172,0
406459.01406459,49.2764803,7.0498041,1
416496.01416496,49.2482546,6.970909,0
416496.01416496,49.2464212,6.9681948,1
416496.01416496,49.2411197,6.9613789,2
416496.01416496,49.2412344,6.9598749,3
416496.01416496,49.2336385,6.972883,4
416496.01416496,49.2334692,6.988998,5
416496.01416496,49.2337209,6.9875845,6
416496.01416496,49.2350298,6.9961987,7
418074.01418074,49.3210297,6.7461937,0
418074.01418074,49.3271522,6.7503714,1
418074.01418074,49.3271008,6.7505541,2
450843.01450843,49.2406935,6.985423,0
450843.01450843,49.2406466,6.9860013,1
450854.01450854,49.2403997,7.0004415,0
450854.01450854,49.2387265,6.9981204,1
450854.01450854,49.2482783,7.0052893,2
450854.01450854,49.2360183,6.9898517,3
450854.01450854,49.3144403,7.0419445,4
450854.01450854,49.2431582,7.0029776,5
450854.01450854,49.3461046,7.0488156,6
450854.01450854,49.3467801,7.0477868,7
450872.01450872,49.3690498,7.0884341,0
450872.01450872,49.3689057,7.0882643,1
450872.01450872,49.3569669,7.1280516,2
450872.01450872,49.3541815,7.1230464,3
538221.01538221,49.3222729,7.0960934,0
538221.01538221,49.3236275,7.0820973,1
538255.01538255,49.2943098,6.9532136,0
538255.01538255,49.2913418,6.9289392,1
538255.01538255,49.2938178,6.9310023,2
538255.01538255,49.2939148,6.9310947,3
538255.01538255,49.2951831,6.933928,4
538255.01538255,49.2953187,6.9343594,5
721798.01721798,49.3124178,7.0685655,0
721798.01721798,49.3181062,7.0768195,1
721798.01721798,49.3149736,7.0727241,2
721798.01721798,49.234208,6.9935,3
721798.01721798,49.234814,6.996053,4
721798.01721798,49.3026456,7.0335637,5
812457.01812457,49.3743851,7.1867711,0
812457.01812457,49.3742857,7.1868975,1
910005.01910005,49.3570217,7.1832366,0
910005.01910005,49.356965,7.182431,1
910012.01910012,49.3130005,7.2601989,0
910012.01910012,49.3156678,7.2716127,1
910012.01910012,49.3169731,7.2776373,2
910012.01910012,49.3099411,7.3163033,3
911939.01911939,49.2406884,6.946727,0
911939.01911939,49.2412431,6.9495908,1
911939.01911939,49.2414277,6.9502077,2
920473.01920473,49.3034231,6.8055809,0
920473.01920473,49.3031045,6.8065294,1
920473.01920473,49.3032628,6.8143459,2
920473.01920473,49.3029725,6.8137214,3
920473.01920473,49.3047482,6.81855,4
920473.01920473,49.304793,6.8186699,5
920473.01920473,49.3072009,6.8231488,6
920473.01920473,49.3074754,6.8229711,7
940080.01940080,49.2269604,7.0210964,0
940080.01940080,49.225547,7.026316,1
940080.01940080,49.2286788,7.0363577,2
940080.01940080,49.225947,7.03546,3
940080.01940080,49.225668,7.027119,4
940080.01940080,49.2271664,7.0211791,5
940082.01940082,49.233907,7.0361634,0
940082.01940082,49.235725,7.0356811,1
940082.01940082,49.2376798,7.036372,2
940082.01940082,49.2376784,7.0433047,3
940082.01940082,49.2379171,7.0459766,4
940082.01940082,49.2368525,7.048956,5
940082.01940082,49.2353505,7.0499108,6
940082.01940082,49.2328261,7.0499522,7
940082.01940082,49.2323474,7.0437638,8
940082.01940082,49.2328929,7.0390752,9
940082.01940082,49.2306084,7.0323791,10
940082.01940082,49.2284715,7.029024,11
942855.01942855,49.2493779,6.8485102,0
942855.01942855,49.2494574,6.8483298,1
1108389.011108389,49.1530899,7.0373096,0
1108389.011108389,49.1488997,7.1123353,1
1108389.011108389,49.1477632,7.1120308,2
1108397.011108397,49.2361051,7.2589258,0
1108397.011108397,49.2361937,7.2589673,1
1108397.011108397,49.2362823,7.2590088,2
1108397.011108397,49.2363708,7.2590503,3
1108397.011108397,49.2363365,7.2592289,4
1108397.011108397,49.2362453,7.2591843,5
1108397.011108397,49.2361541,7.2591397,6
1108397.011108397,49.2360629,7.2590951,7
1111898.011111898,49.3123089,6.7528081,0
1111898.011111898,49.436906,6.6346074,1
1139510.011139510,49.4660031,7.1654044,0
1139510.011139510,49.4667742,7.1618349,1
1139510.011139510,49.4686154,7.1542803,2
1139510.011139510,49.468883,7.1452489,3
1139510.011139510,49.468851,7.1407811,4
1139510.011139510,49.4691207,7.1384043,5
1139510.011139510,49.4691421,7.1195302,6
1139510.011139510,49.4743105,7.1018388,7
1139510.011139510,49.4755465,7.1009008,8
1139510.011139510,49.4767198,7.0971343,9
1139510.011139510,49.475664,7.0876742,10
1139510.011139510,49.475645,7.088286,11
1139510.011139510,49.4711735,7.0719613,12
1139510.011139510,49.4718721,7.0706453,13
1139510.011139510,49.4718714,7.0686985,14
1139510.011139510,49.4731176,7.0636334,15
1139510.011139510,49.4807982,7.0411247,16
1139510.011139510,49.4807368,7.0409203,17
1139510.011139510,49.4832924,7.038426,18
1139510.011139510,49.4833787,7.0381561,19
1139510.011139510,49.482134,7.0324064,20
1139510.011139510,49.4822372,7.0323493,21
1139510.011139510,49.4799046,7.0247108,22
1139510.011139510,49.464982,7.0000764,23
1139510.011139510,49.4617377,6.9932664,24
1139510.011139510,49.4553888,6.9785804,25
1139510.011139510,49.447887,6.9643636,26
1139510.011139510,49.4430261,6.9606271,27
1139510.011139510,49.4390446,6.9578239,28
1139510.011139510,49.4338481,6.9497861,29
1139510.011139510,49.4305105,6.9470044,30
1139510.011139510,49.4233534,6.9407621,31
1139510.011139510,49.4145521,6.9298332,32
1139510.011139510,49.4150596,6.9197938,33
1139510.011139510,49.4126605,6.9126784,34
1139510.011139510,49.4084066,6.9072054,35
1204988.011204988,49.2402572,6.9902135,0
1204988.011204988,49.2345784,6.988796,1
1204988.011204988,49.23486,6.9891223,2
1204988.011204988,49.2331492,6.9882228,3
1204988.011204988,49.2176256,6.9686596,4
1204988.011204988,49.2185198,6.9693474,5
1204988.011204988,49.1526308,6.837839,6
1204991.011204991,49.1526681,6.8361183,0
1204991.011204991,49.1561452,6.8350338,1
1204991.011204991,49.15804,6.8396947,2
1204991.011204991,49.1681002,6.8384671,3
1204991.011204991,49.1679559,6.8376293,4
1204991.011204991,49.1545857,6.8411844,5
1204991.011204991,49.1578714,6.8437249,6
1204991.011204991,49.1592869,6.8427852,7
1204991.011204991,49.1700856,6.8298941,8
1204991.011204991,49.1712372,6.8240445,9
1204991.011204991,49.2290223,6.8227512,10
1204991.011204991,49.2180794,6.8252342,11
1204991.011204991,49.2184923,6.8246951,12
1204991.011204991,49.2155858,6.8266752,13
1204991.011204991,49.2126953,6.8288892,14
1204991.011204991,49.2106091,6.831964,15
1204991.011204991,49.2093975,6.8336903,16
1204991.011204991,49.2083384,6.8353998,17
1204991.011204991,49.2062554,6.8402437,18
1204991.011204991,49.2052539,6.8431015,19
1204991.011204991,49.2034717,6.8459781,20
1204991.011204991,49.2030941,6.8419061,21
1204991.011204991,49.1996154,6.8372495,22
1204991.011204991,49.1961761,6.8336167,23
1204991.011204991,49.1934839,6.831074,24
1204991.011204991,49.1909116,6.8168119,25
1204991.011204991,49.1873449,6.8140933,26
1204991.011204991,49.1840246,6.8148306,27
1204991.011204991,49.1799074,6.8160372,28
1204991.011204991,49.1771684,6.811968,29
1204991.011204991,49.179253,6.8544186,30
1204991.011204991,49.1815426,6.8571301,31
1204991.011204991,49.184867,6.8558932,32
1204991.011204991,49.1894035,6.8532775,33
1204991.011204991,49.2010176,6.8473176,34
1204991.011204991,49.1734067,6.8440555,35
1204991.011204991,49.1966668,6.8484143,36
1204991.011204991,49.2290625,6.8231696,37
1204991.011204991,49.2325725,6.8294407,38
1204991.011204991,49.2321609,6.8290813,39
1204991.011204991,49.2345219,6.8341667,40
1204991.011204991,49.2349145,6.8343313,41
1204991.011204991,49.2359498,6.8377799,42
1204991.011204991,49.2359815,6.8379561,43
1204991.011204991,49.2406846,6.8386702,44
1204991.011204991,49.2407332,6.838394,45
1204991.011204991,49.2452178,6.8385212,46
1204991.011204991,49.2452142,6.8383565,47
1204991.011204991,49.2487544,6.8467415,48
1204991.011204991,49.2498932,6.8590442,49
1204991.011204991,49.2511866,6.8603989,50
1204991.011204991,49.2508573,6.8539007,51
1205315.011205315,49.225111,6.8165689,0
1205315.011205315,49.2252148,6.8163732,1
1205315.011205315,49.2243947,6.8132382,2
1205315.011205315,49.2244752,6.8134086,3
1205315.011205315,49.2206617,6.8059588,4
1205315.011205315,49.2233227,6.8007654,5
1205315.011205315,49.2219879,6.798717,6
1205315.011205315,49.220334,6.8059052,7
1205315.011205315,49.2197783,6.8053809,8
1205315.011205315,49.2197497,6.8055265,9
1205315.011205315,49.2214945,6.8078033,10
1205315.011205315,49.2216601,6.808295,11
1205315.011205315,49.2163974,6.8011141,12
1205315.011205315,49.2113104,6.7959443,13
1205315.011205315,49.2073815,6.7907806,14
1205315.011205315,49.2026088,6.7837098,15
1205315.011205315,49.2001635,6.7767798,16
1205315.011205315,49.1888145,6.7537293,17
1205315.011205315,49.1880643,6.7509671,18
1205315.011205315,49.1839319,6.7445765,19
1205315.011205315,49.1807469,6.7390061,20
1205315.011205315,49.176926,6.7330045,21
1205315.011205315,49.2504398,6.8565761,22
1205315.011205315,49.2206941,6.8056952,23
1376296.011376296,49.3053741,6.7573402,0
1376296.011376296,49.3130205,6.7532938,1
1711128.011711128,49.4741807,6.3713559,0
1711128.011711128,49.4735634,6.3862805,1
1763922.011763922,49.3167522,7.3423032,0
1763922.011763922,49.3134801,7.34368,1
2071636.012071636,49.2972244,6.9484171,0
2071636.012071636,49.3023234,6.943333,1
2071636.012071636,49.3034782,6.9407014,2
2071636.012071636,49.3025086,6.9371819,3
2071636.012071636,49.302906,6.9343043,4
2071636.012071636,49.3046845,6.9312924,5
2071636.012071636,49.3072669,6.9330838,6
2071636.012071636,49.3081027,6.9355106,7
2071636.012071636,49.3084214,6.9383458,8
2071708.012071708,49.3087334,6.9389997,0
2071708.012071708,49.30811,6.9352496,1
2071708.012071708,49.3070203,6.9328441,2
2071708.012071708,49.3033257,6.9412362,3
2075840.012075840,49.2967654,6.9480923,0
2075840.012075840,49.2970581,6.9416132,1
2075840.012075840,49.2977792,6.9351477,2
2075840.012075840,49.3024217,6.9298524,3
2075840.012075840,49.3057578,6.9298875,4
2075840.012075840,49.309918,6.9326772,5
2075840.012075840,49.3105862,6.9360935,6
2075840.012075840,49.3109576,6.9373189,7
2075840.012075840,49.310482,6.94331,8
2075840.012075840,49.3115789,6.947456,9
2075840.012075840,49.3136714,6.9533246,10
2075840.012075840,49.3156382,6.9546625,11
2075840.012075840,49.3166279,6.9517873,12
2075840.012075840,49.3197615,6.94852,13
2075840.012075840,49.3200268,6.9455086,14
2075840.012075840,49.3185597,6.9402499,15
2075841.012075841,49.3013953,6.9430306,0
2075841.012075841,49.2972586,6.941158,1
2075842.012075842,49.3117101,6.9477081,0
2075842.012075842,49.311202,6.9372175,1
2075842.012075842,49.3060287,6.9299839,2
2075842.012075842,49.3020535,6.9299697,3
2075842.012075842,49.2978669,6.9350033,4
2075842.012075842,49.2968578,6.9472402,5
2075844.012075844,49.3156386,6.9475123,0
2075844.012075844,49.3152166,6.952136,1
2080573.012080573,49.3110404,6.9377689,0
2080573.012080573,49.3107966,6.9403289,1
2080573.012080573,49.3155554,6.9401287,2
2080573.012080573,49.3178389,6.9397992,3
2080573.012080573,49.3179649,6.9335803,4
2080573.012080573,49.3203343,6.9281002,5
2080573.012080573,49.3221731,6.9205475,6
2080573.012080573,49.3278584,6.9150983,7
2080573.012080573,49.3334634,6.9121466,8
2080573.012080573,49.3366703,6.9101622,9
2080573.012080573,49.3387502,6.9163607,10
2080573.012080573,49.3395725,6.9226501,11
2080573.012080573,49.338265,6.9271749,12
2080573.012080573,49.3374837,6.9293162,13
2080573.012080573,49.3374994,6.9290796,14
2080573.012080573,49.3369419,6.9303273,15
2080574.012080574,49.3396171,6.9208509,0
2080574.012080574,49.3388117,6.9152037,1
2080574.012080574,49.3378494,6.9084221,2
2080574.012080574,49.3384309,6.8970717,3
2080574.012080574,49.3425388,6.8896621,4
2080574.012080574,49.343687,6.8946032,5
2080574.012080574,49.3390887,6.8978083,6
2080574.012080574,49.3371541,6.9093549,7
2080574.012080574,49.3338637,6.9114465,8
2080574.012080574,49.3275253,6.9154693,9
2080574.012080574,49.3221127,6.9208028,10
2080574.012080574,49.3203074,6.9282293,11
2080574.012080574,49.31804,6.9333435,12
2080574.012080574,49.317814,6.939596,13
2080574.012080574,49.315224,6.9401199,14
2080575.012080575,49.3072073,6.9449282,0
2080575.012080575,49.3243072,6.9200014,1
2080575.012080575,49.3283351,6.924631,2
2080575.012080575,49.3292456,6.9279158,3
2080575.012080575,49.331719,6.9317844,4
2080575.012080575,49.3355288,6.9307336,5
2080626.012080626,49.3291463,6.9277526,0
2080626.012080626,49.328295,6.9242068,1
2084669.012084669,49.2977203,6.9346116,0
2084669.012084669,49.2979963,6.9295033,1
2084669.012084669,49.296671,6.9256036,2
2084669.012084669,49.2966788,6.9151556,3
2084669.012084669,49.2977087,6.9106066,4
2084669.012084669,49.2983305,6.9067682,5
2084669.012084669,49.2963337,6.9061564,6
2084669.012084669,49.2946985,6.9046029,7
2084669.012084669,49.2932714,6.9011463,8
2084669.012084669,49.2960297,6.8983645,9
2084669.012084669,49.2987943,6.8975278,10
2084669.012084669,49.2947851,6.8932896,11
2084669.012084669,49.2916556,6.8890845,12
2084669.012084669,49.2890853,6.8847421,13
2084669.012084669,49.289518,6.8837079,14
2084669.012084669,49.294567,6.882428,15
2084669.012084669,49.2943751,6.8765599,16
2084669.012084669,49.2895069,6.8835767,17
2084670.012084670,49.2826498,6.8783496,0
2084670.012084670,49.2776543,6.8706917,1
2084671.012084671,49.2905202,6.8826889,0
2084671.012084671,49.2881263,6.8764559,1
2084671.012084671,49.2882992,6.882833,2
2084671.012084671,49.2888186,6.8862764,3
2084671.012084671,49.2954426,6.8940545,4
2084671.012084671,49.2965828,6.9254073,5
2084671.012084671,49.2979334,6.9288736,6
2805278.012805278,49.4023152,7.1663268,0
2805278.012805278,49.4109437,7.1816773,1
2805278.012805278,49.4267477,7.2239261,2
2805278.012805278,49.4335566,7.2309834,3
2805278.012805278,49.4476624,7.2332603,4
2805278.012805278,49.4641816,7.2484007,5
2805278.012805278,49.4746893,7.2544943,6
2805278.012805278,49.4962029,7.2637233,7
2805278.012805278,49.5240063,7.2731761,8
2805278.012805278,49.5334179,7.2924381,9
3857117.013857117,49.1539679,7.2323631,0
3857117.013857117,49.1514921,7.2296416,1
3857117.013857117,49.1498238,7.2136295,2
3857117.013857117,49.1489669,7.2096711,3
3857117.013857117,49.1539903,7.2105538,4
3857117.013857117,49.1675406,7.2198083,5
3857117.013857117,49.1725926,7.2088227,6
3857117.013857117,49.1751926,7.2073802,7
3857117.013857117,49.1793895,7.207337,8
3857117.013857117,49.1884057,7.1949858,9
3857117.013857117,49.1956541,7.1861938,10
3857117.013857117,49.1954083,7.180594,11
3857117.013857117,49.1966222,7.1794593,12
3857117.013857117,49.1969724,7.1785624,13
3857117.013857117,49.2011884,7.1743285,14
3857117.013857117,49.2084113,7.1775438,15
3857117.013857117,49.2135208,7.1821894,16
3857117.013857117,49.2167205,7.1866015,17
3857117.013857117,49.167655,7.2177904,18
3891533.013891533,49.3234113,7.0672197,0
3891533.013891533,49.3216146,7.0684821,1
3891533.013891533,49.3214308,7.0691658,2
4026269.014026269,49.3278179,7.3377291,0
4026269.014026269,49.3191118,7.3373259,1
4026269.014026269,49.3181129,7.3388824,2
4026269.014026269,49.310887,7.3340333,3
4026269.014026269,49.3051299,7.3306772,4
4026269.014026269,49.2603072,7.3339665,5
4026270.014026270,49.3193267,7.3368418,0
4026270.014026270,49.3276525,7.3380195,1
4029528.014029528,49.3848633,7.3316771,0
4029528.014029528,49.3808761,7.3295246,1
4029528.014029528,49.3720871,7.3247845,2
4029528.014029528,49.3671592,7.3234085,3
4029528.014029528,49.3508234,7.3309662,4
4029528.014029528,49.3464187,7.3331864,5
4029528.014029528,49.3413116,7.3347075,6
4029528.014029528,49.3394018,7.3343364,7
4029528.014029528,49.336107,7.3350219,8
4029528.014029528,49.3333248,7.3362114,9
4029528.014029528,49.3311295,7.3370911,10
4029528.014029528,49.3246033,7.3400154,11
4029528.014029528,49.3230819,7.3369567,12
4029530.014029530,49.3224664,7.3400583,0
4029530.014029530,49.3235653,7.3422898,1
4029530.014029530,49.3247165,7.3294206,2
4029530.014029530,49.3315055,7.3327281,3
4029530.014029530,49.3355465,7.3354268,4
4029530.014029530,49.3394043,7.3345101,5
4029530.014029530,49.3411278,7.3347376,6
4029530.014029530,49.3658059,7.3243045,7
4029530.014029530,49.3721746,7.3250813,8
4029530.014029530,49.3803475,7.3294597,9
4029530.014029530,49.3848433,7.3319196,10
4031960.014031960,49.3308783,7.3374073,0
4031960.014031960,49.3330438,7.3364786,1
4031964.014031964,49.3258435,7.3421926,0
4031964.014031964,49.3308649,7.3463644,1
4031964.014031964,49.3397882,7.3557673,2
4031964.014031964,49.3440006,7.3597767,3
4031964.014031964,49.3469401,7.3630218,4
4031964.014031964,49.3509043,7.3683345,5
4031964.014031964,49.3600014,7.3808115,6
4034037.014034037,49.320517,7.3367402,0
4034037.014034037,49.3520693,7.3960675,1
4034037.014034037,49.350806,7.405259,2
4034037.014034037,49.3495924,7.4088755,3
4034037.014034037,49.3545251,7.4090326,4
4034038.014034038,49.3400476,7.3556877,0
4034038.014034038,49.3202934,7.3359343,1
4720116.014720116,49.2546648,6.8158095,0
4720116.014720116,49.2561994,6.8142336,1
4720116.014720116,49.2542062,6.816471,2
4720116.014720116,49.2503147,6.6971129,3
4720116.014720116,49.2468104,6.6974361,4
4720116.014720116,49.2436306,6.6981657,5
4720116.014720116,49.2436096,6.6978868,6
4720116.014720116,49.2398972,6.6991206,7
4720116.014720116,49.2370449,6.6996842,8
4720116.014720116,49.2370252,6.6994961,9
4720116.014720116,49.2374761,6.7020056,10
4720116.014720116,49.2375766,6.7018516,11
4720116.014720116,49.2395006,6.7054403,12
4720116.014720116,49.2393508,6.7057939,13
4720116.014720116,49.246639,6.76494,14
4720116.014720116,49.2428649,6.7745685,15
4720116.014720116,49.2417112,6.7792859,16
4720116.014720116,49.2409136,6.784097,17
4720116.014720116,49.2455229,6.7919317,18
4720116.014720116,49.2486789,6.7936352,19
4720116.014720116,49.2547484,6.8013621,20
4720116.014720116,49.2577129,6.8080072,21
4720116.014720116,49.2578544,6.8079086,22
4720116.014720116,49.256459,6.8142432,23
4720116.014720116,49.2520451,6.8184853,24
4720116.014720116,49.2521167,6.8186395,25
4720116.014720116,49.2548023,6.8012667,26
4720116.014720116,49.2590114,6.8110825,27
4720116.014720116,49.2590459,6.8106544,28
4773453.014773453,49.3075531,6.8477331,0
4773453.014773453,49.30738,6.8484747,1
4773453.014773453,49.3060214,6.8522127,2
4773464.014773464,49.3078312,6.7562691,0
4773464.014773464,49.3026631,6.7579784,1
4773464.014773464,49.3004943,6.7429875,2
4773464.014773464,49.3003912,6.7429929,3
4773464.014773464,49.299814,6.7456456,4
4773464.014773464,49.3039284,6.7454012,5
4773464.014773464,49.3061924,6.7452888,6
4773464.014773464,49.3080969,6.7447041,7
4773464.014773464,49.3090269,6.7429347,8
4773464.014773464,49.3092997,6.7399763,9
4773464.014773464,49.307509,6.7369212,10
4773464.014773464,49.3090059,6.7352356,11
4773464.014773464,49.3105762,6.7379606,12
4773464.014773464,49.3120766,6.7409004,13
4773464.014773464,49.3135634,6.7412493,14
4773464.014773464,49.3139074,6.7416809,15
4773464.014773464,49.3144128,6.7445923,16
4773464.014773464,49.3141837,6.7485566,17
4773464.014773464,49.3125715,6.7490475,18
4773464.014773464,49.3122129,6.7525856,19
4773465.014773465,49.3131222,6.7534506,0
4773465.014773465,49.3121534,6.7525964,1
4773465.014773465,49.3128256,6.7491594,2
4773465.014773465,49.3139837,6.7488977,3
4773465.014773465,49.3145229,6.7453707,4
4773465.014773465,49.3139284,6.7409407,5
4773465.014773465,49.3124303,6.7411726,6
4773465.014773465,49.31059,6.7377358,7
4773465.014773465,49.3092212,6.7350958,8
4773465.014773465,49.3074076,6.7369373,9
4773465.014773465,49.3091569,6.7398709,10
4773465.014773465,49.3089727,6.7429964,11
4773465.014773465,49.3084868,6.7444064,12
4773465.014773465,49.3081004,6.7443527,13
4773465.014773465,49.3060857,6.7452137,14
4773465.014773465,49.3039424,6.7453342,15
4773465.014773465,49.3026159,6.7581876,16
4773465.014773465,49.3050049,6.7577209,17
4773465.014773465,49.3081686,6.7562886,18
4779085.014779085,49.2511736,6.8603375,0
4779085.014779085,49.2499687,6.8590556,1
4779085.014779085,49.2503474,6.8631747,2
4779085.014779085,49.2504306,6.8638288,3
4779085.014779085,49.2516066,6.8681606,4
4779085.014779085,49.2516951,6.8688824,5
4779454.014779454,49.1572559,7.0347277,0
4779454.014779454,49.1202682,7.0603499,1
4779454.014779454,49.1309009,7.0688722,2
4779454.014779454,49.1307938,7.0687088,3
4779454.014779454,49.1513823,7.0806799,4
4779454.014779454,49.1562919,7.1015026,5
4779454.014779454,49.1536233,7.1110827,6
4779454.014779454,49.2619845,7.2743824,7
4779454.014779454,49.3277866,7.3377773,8
4780509.014780509,49.3368638,6.9302738,0
4780509.014780509,49.3370809,6.93042,1
4780509.014780509,49.3365896,6.9298073,2
4780509.014780509,49.3365527,6.9297549,3
4780509.014780509,49.3363675,6.929497,4
4783689.014783689,49.4072907,6.8918153,0
4783689.014783689,49.4083077,6.9069834,1
4783689.014783689,49.4025337,6.919127,2
4783689.014783689,49.3914842,6.9265635,3
4783689.014783689,49.3871572,6.9289381,4
4783689.014783689,49.3623264,6.9333205,5
4783689.014783689,49.3565052,6.934859,6
4783689.014783689,49.3497513,6.9364089,7
4783689.014783689,49.3448952,6.9372409,8
4783689.014783689,49.3370757,6.9301473,9
4783689.014783689,49.3329905,6.9248458,10
4783689.014783689,49.3265808,6.9222315,11
4783689.014783689,49.3217746,6.9179234,12
4783689.014783689,49.3178655,6.9144318,13
4783689.014783689,49.3143849,6.932624,14
4783689.014783689,49.3113452,6.9376131,15
4783689.014783689,49.3082292,6.9399949,16
4783689.014783689,49.3077205,6.9443999,17
4783689.014783689,49.3010117,6.9454045,18
4783689.014783689,49.2968221,6.948844,19
4783689.014783689,49.2943167,6.953314,20
4783689.014783689,49.2743566,6.9611512,21
4783689.014783689,49.2559339,6.9602158,22
4783689.014783689,49.2503939,6.9634523,23
4783689.014783689,49.2470446,6.967351,24
4783689.014783689,49.2428676,6.972288,25
4783689.014783689,49.241026,6.9786832,26
4783689.014783689,49.2404503,6.9854035,27
4783689.014783689,49.2400262,6.9905778,28
4783689.014783689,49.2374909,6.9942281,29
4783689.014783689,49.235409,6.9967532,30
4783689.014783689,49.233169,7.0013293,31
4783689.014783689,49.2311443,7.0074201,32
4783689.014783689,49.2291127,7.0119824,33
4783689.014783689,49.2277657,7.0186336,34
4783689.014783689,49.226811,7.0218444,35
4783689.014783689,49.2163708,7.0287843,36
4783689.014783689,49.1975309,7.0307697,37
4783689.014783689,49.1790307,7.0343245,38
4783689.014783689,49.1577695,7.0334628,39
4783689.014783689,49.1431254,7.0448192,40
4783689.014783689,49.1187578,7.0500718,41
4783690.014783690,49.1434612,7.0447458,0
4783690.014783690,49.1580816,7.0335958,1
4783690.014783690,49.1801853,7.0353325,2
4783690.014783690,49.1979532,7.030812,3
4783690.014783690,49.2168487,7.0288026,4
4783690.014783690,49.2270873,7.0210881,5
4783690.014783690,49.2284869,7.0161157,6
4783690.014783690,49.2292685,7.0110709,7
4783690.014783690,49.231253,7.0070214,8
4783690.014783690,49.2335161,7.0006082,9
4783690.014783690,49.236017,6.9963377,10
4783690.014783690,49.2377936,6.9939511,11
4783690.014783690,49.2401824,6.9898045,12
4783690.014783690,49.2403747,6.9848368,13
4783690.014783690,49.2411594,6.9784324,14
4783690.014783690,49.2428798,6.9723209,15
4783690.014783690,49.247066,6.9674005,16
4783690.014783690,49.2504092,6.9634969,17
4783690.014783690,49.255946,6.9603096,18
4783690.014783690,49.2747948,6.9613525,19
4783690.014783690,49.2943204,6.9533637,20
4783690.014783690,49.3113755,6.9376699,21
4783690.014783690,49.3144166,6.9326255,22
4783690.014783690,49.3179019,6.914445,23
4783690.014783690,49.3217316,6.9180075,24
4783690.014783690,49.3329719,6.9248711,25
4783690.014783690,49.3370499,6.930183,26
4783690.014783690,49.3623464,6.9333814,27
4783690.014783690,49.3915094,6.9266054,28
4783690.014783690,49.4083499,6.9067701,29
4790636.014790636,49.4698424,7.0004307,0
4790636.014790636,49.4065087,6.9104021,1
4790636.014790636,49.4756104,6.9573301,2
4790636.014790636,49.5060357,7.0100728,3
4790636.014790636,49.489481,6.9262473,4
4790636.014790636,49.4064022,6.9104532,5
4790636.014790636,49.4855036,6.9390284,6
4790636.014790636,49.4024974,6.8951059,7
4790636.014790636,49.4845867,6.9265711,8
4790636.014790636,49.4827304,6.9206739,9
4790636.014790636,49.2339108,6.9925414,10
4790636.014790636,49.2430706,6.9724042,11
4790636.014790636,49.4979541,7.0290186,12
4790636.014790636,49.4953819,7.0354783,13
4790636.014790636,49.2432535,6.9824204,14
4790636.014790636,49.4070332,6.9022239,15
4790636.014790636,49.4924908,6.9297411,16
4790636.014790636,49.4837769,6.9149223,17
4790636.014790636,49.489281,7.0005099,18
4790636.014790636,49.4989323,7.02309,19
4790636.014790636,49.4796695,6.9928975,20
4790636.014790636,49.4832195,6.9156794,21
4790636.014790636,49.2504498,6.9636016,22
4790636.014790636,49.4990444,6.940687,23
4790636.014790636,49.4609237,6.9580921,24
4790636.014790636,49.4138315,6.9040207,25
4790636.014790636,49.231473,6.9961742,26
4790636.014790636,49.4892143,6.9991633,27
4790636.014790636,49.4595034,6.9626407,28
4790636.014790636,49.2425946,6.9731684,29
4790636.014790636,49.2376449,6.9908315,30
4790636.014790636,49.4734982,6.9953057,31
4790636.014790636,49.4967033,7.0165421,32
4790636.014790636,49.4984067,7.0233131,33
4790636.014790636,49.2323991,6.9987793,34
4790636.014790636,49.4729963,6.9623261,35
4792645.014792645,49.2360947,7.2686539,0
4792645.014792645,49.2351156,7.2698701,1
4792645.014792645,49.2314821,7.2675021,2
4792645.014792645,49.229073,7.2671874,3
4792645.014792645,49.225622,7.269594,4
4792645.014792645,49.2003254,7.245856,5
4792645.014792645,49.1964331,7.2473392,6
4792645.014792645,49.1943565,7.249164,7
4792645.014792645,49.1866707,7.2494427,8
4792645.014792645,49.1740516,7.2379197,9
4792645.014792645,49.170553,7.2322981,10
4792646.014792646,49.2326957,7.2578836,0
4792646.014792646,49.2159757,7.2546115,1
4792646.014792646,49.2134227,7.2523822,2
4792646.014792646,49.2105025,7.2487008,3
4792646.014792646,49.1920743,7.2290826,4
4792646.014792646,49.190346,7.2244583,5
5776647.015776647,49.3102833,7.3452961,0
5776647.015776647,49.3017255,7.3445846,1
5776647.015776647,49.3040765,7.3403936,2
5776647.015776647,49.3077018,7.3418373,3
5776647.015776647,49.3103343,7.3417579,4
5776647.015776647,49.3050888,7.3435747,5
5776647.015776647,49.3063359,7.3439651,6
5776647.015776647,49.3040685,7.3423401,7
6103985.016103985,49.2478822,6.9280058,0
6103985.016103985,49.2462864,6.933691,1
6103985.016103985,49.2446764,6.9369891,2
6103985.016103985,49.244825,6.9426878,3
6103985.016103985,49.2414924,6.9559039,4
6103985.016103985,49.2391473,6.9755325,5
6103985.016103985,49.2403678,6.9856723,6
6103985.016103985,49.2399862,6.9905738,7
7458093.017458093,49.2516953,6.889134,0
7458093.017458093,49.2511497,6.8928791,1
7458093.017458093,49.2482871,6.9012405,2
7458093.017458093,49.2512251,6.9086179,3
7458093.017458093,49.2525233,6.9045599,4
7458093.017458093,49.2531181,6.9024316,5
7458093.017458093,49.2524414,6.9047892,6
7458093.017458093,49.2510952,6.9086532,7
7458093.017458093,49.2535317,6.9093876,8
7458093.017458093,49.2585256,6.9065951,9
7458093.017458093,49.2599036,6.9079664,10
7458537.017458537,49.2530028,6.9097357,0
7458537.017458537,49.2496138,6.9093752,1
7458537.017458537,49.2480046,6.9081427,2
7458537.017458537,49.2486005,6.9063378,3
7458537.017458537,49.2493122,6.9041163,4
7458537.017458537,49.248303,6.9011163,5
7458537.017458537,49.2501792,6.8962362,6
7458537.017458537,49.2511975,6.8925392,7
7458537.017458537,49.2526059,6.8811943,8
7458537.017458537,49.25082,6.8538271,9
7830857.017830857,49.2184513,6.9681643,0
7830857.017830857,49.2211501,6.9717642,1
7830857.017830857,49.2253202,6.9764845,2
7830857.017830857,49.2317163,6.9861493,3
7833334.017833334,49.2424729,7.015503,0
7833334.017833334,49.2547485,7.0407391,1
7833670.017833670,49.2395427,6.9936838,0
7833670.017833670,49.2438252,7.0121673,1
7839411.017839411,49.2151601,6.9671956,0
7839411.017839411,49.2070452,6.9616158,1
7839411.017839411,49.2053724,6.9587457,2
7839414.017839414,49.207438,6.9618826,0
7839414.017839414,49.2105747,6.964201,1
7839414.017839414,49.2261376,6.9753688,2
7839414.017839414,49.2274607,6.9687016,3
7839414.017839414,49.2296042,6.9642912,4
7839414.017839414,49.2309366,6.9688532,5
7839414.017839414,49.2315568,6.9737591,6
7839414.017839414,49.2321623,6.975735,7
7841892.017841892,49.2078195,6.9617089,0
7841892.017841892,49.2093294,6.9583933,1
7841892.017841892,49.2124703,6.9546247,2
7841892.017841892,49.2200872,6.9568683,3
7841892.017841892,49.2252245,6.9607705,4
7841892.017841892,49.2296296,6.9612938,5
7841892.017841892,49.2321608,6.9634785,6
7841892.017841892,49.233663,6.9871744,7
7841892.017841892,49.2338039,6.9928121,8
7841892.017841892,49.2317043,6.9953809,9
7841892.017841892,49.2166137,7.0161184,10
7841892.017841892,49.2145982,7.0175932,11
7841892.017841892,49.2113955,7.0189397,12
7841892.017841892,49.2036404,7.0169298,13
7841892.017841892,49.1989087,7.0149512,14
7841892.017841892,49.2003977,7.0126114,15
7841892.017841892,49.1993037,7.0163078,16
7841892.017841892,49.1974988,7.0200604,17
7841892.017841892,49.193824,7.0247764,18
7841892.017841892,49.1943063,7.0262873,19
7841892.017841892,49.1979954,7.0295788,20
7841892.017841892,49.2006466,7.0279825,21
7841892.017841892,49.2083371,7.0284159,22
7841892.017841892,49.2107403,7.0317857,23
7841892.017841892,49.2160891,7.0297003,24
7841893.017841893,49.2080486,7.0279267,0
7841893.017841893,49.2052267,7.0255428,1
7841893.017841893,49.2003101,7.028015,2
7841893.017841893,49.1941894,7.026225,3
7841893.017841893,49.1939415,7.0247303,4
7841893.017841893,49.2037419,7.0169839,5
7841893.017841893,49.2116611,7.0188025,6
7841893.017841893,49.2163487,7.0164167,7
7841893.017841893,49.2189239,7.012113,8
7841893.017841893,49.2310472,7.0030708,9
7841893.017841893,49.2321184,6.9630645,10
7841893.017841893,49.2299749,6.9615103,11
7841893.017841893,49.2268029,6.9613196,12
7841893.017841893,49.2197317,6.9564517,13
7841893.017841893,49.2091936,6.9586707,14
7849567.017849567,49.2238702,6.9864268,0
7849567.017849567,49.2265649,6.9978195,1
7849567.017849567,49.228767,6.9932816,2
7849568.017849568,49.2285735,6.9935893,0
7849568.017849568,49.2267051,6.9974667,1
7849568.017849568,49.2243058,6.9994715,2
7849568.017849568,49.2238335,6.9861927,3
7849568.017849568,49.2255623,6.9771601,4
7850696.017850696,49.3193108,7.0903691,0
7850696.017850696,49.2764514,7.0334555,1
7850696.017850696,49.24312,7.0028895,2
7850697.017850697,49.2648422,7.0085396,0
7850697.017850697,49.2679695,7.0119628,1
7850697.017850697,49.273566,7.0254581,2
7850697.017850697,49.276895,7.0331334,3
7850697.017850697,49.2839843,7.0415677,4
7850697.017850697,49.3192209,7.0901674,5
7850697.017850697,49.3086016,7.1234651,6
7850904.017850904,49.2347427,6.9275459,0
7850904.017850904,49.3199514,7.1590918,1
7876392.017876392,49.3135657,7.0776939,0
7876392.017876392,49.2766671,7.0335307,1
7884258.017884258,49.2415216,6.9556006,0
7884258.017884258,49.2449415,6.9426676,1
7884258.017884258,49.2480163,6.9413193,2
7884258.017884258,49.2518557,6.937288,3
7884258.017884258,49.2481021,6.9281454,4
7884651.017884651,49.2601094,7.0792834,0
7884651.017884651,49.2622253,7.0831161,1
7884651.017884651,49.2736426,7.1033613,2
7884938.017884938,49.2621497,7.0830244,0
7884938.017884938,49.2597988,7.0785529,1
7884938.017884938,49.2325898,7.0053883,2
7886590.017886590,49.2438782,6.9312348,0
7886590.017886590,49.2185479,7.0125104,1
7886590.017886590,49.215688,7.0014905,2
7886591.017886591,49.2479121,6.9048113,0
7886591.017886591,49.2475976,6.9075442,1
7886668.017886668,49.215615,7.001668,0
7886668.017886668,49.2438936,6.9310928,1
7886858.017886858,49.2778307,6.9486115,0
7886858.017886858,49.2757115,6.9530747,1
7886858.017886858,49.2749852,6.9618201,2
7893825.017893825,49.242328,6.990097,0
7893825.017893825,49.2324798,7.005831,1
7900264.017900264,49.2708207,7.0493559,0
7900264.017900264,49.2501542,6.9147266,1
7900264.017900264,49.2526162,6.9152165,2
7900264.017900264,49.2589718,6.9164539,3
7900264.017900264,49.2619219,6.9165202,4
7900264.017900264,49.2615312,6.9103643,5
7900265.017900265,49.2613197,6.914285,0
7900265.017900265,49.2595538,6.9165801,1
7900265.017900265,49.2522856,6.9151548,2
7900265.017900265,49.2497423,6.9146497,3
7905181.017905181,49.2161698,7.0295958,0
7905181.017905181,49.213749,7.0381311,1
7905181.017905181,49.2091442,7.0488919,2
7905182.017905182,49.2245855,7.0256001,0
7905182.017905182,49.2137005,7.0382949,1
7908403.017908403,49.1829123,7.0390908,0
7908403.017908403,49.1880385,7.0391337,1
7908403.017908403,49.1938466,7.0337669,2
7908403.017908403,49.1986036,7.0313347,3
7908403.017908403,49.2067839,7.04721,4
7908403.017908403,49.2092708,7.0484576,5
7908403.017908403,49.2160286,7.0296113,6
7908404.017908404,49.2067078,7.0471508,0
7908404.017908404,49.1985148,7.0319079,1
7908404.017908404,49.1985422,7.0312497,2
7908404.017908404,49.1878492,7.0391931,3
7908404.017908404,49.1823918,7.0388781,4
7944223.017944223,49.2818769,7.0697318,0
7944223.017944223,49.2576974,7.0476416,1
7944643.017944643,49.2421236,7.0672619,0
7944643.017944643,49.2427152,7.0693173,1
7944643.017944643,49.2399322,7.0698476,2
7944644.017944644,49.2400469,7.0698888,0
7944644.017944644,49.2427067,7.0689626,1
7986818.017986818,49.218085,6.975634,0
7986818.017986818,49.2112956,6.9805858,1
7986818.017986818,49.2118723,6.977055,2
7986818.017986818,49.2115532,6.9719808,3
7986819.017986819,49.2129997,6.9679938,0
7986819.017986819,49.2115194,6.9721705,1
7986819.017986819,49.2118448,6.9773155,2
7986819.017986819,49.2110535,6.9819955,3
7986819.017986819,49.2138655,6.983241,4
7986819.017986819,49.2181119,6.9754798,5
